StarCarr/ta0281_DSM_2M.asc
ncols 500
nrows 500
xllcorner    502000
yllcorner    481000
cellsize     2
NODATA_value -9999
[rows 224 to 255 of 500, columns 288 to 359 of 500]
26.158 26.124 26.149 26.161 26.128 26.162 26.168 26.164 26.206 26.201 26.193 26.185 26.194 26.205 26.224 26.208 26.23 26.218 26.213 26.177 26.197 26.164 26.113 26.086 26.058 25.987 25.925 25.905 25.867 25.865 25.847 25.82 25.789 25.774 25.737 25.741 25.766 25.697 25.703 25.654 25.602 25.603 25.572 25.512 25.417 25.315 25.256 25.206 25.21 25.216 25.232 25.295 25.31 25.361 25.369 25.349 25.279 25.288 25.267 25.252 25.223 25.206 25.177 25.148 25.149 25.093 25.075 25.051 25.061 25.057 24.983 25.022
26.099 26.082 26.09 26.074 26.106 26.116 26.106 26.115 26.147 26.161 26.165 26.125 26.127 26.157 26.147 26.143 26.159 26.179 26.167 26.123 26.122 26.135 26.096 26.051 26.029 25.96 25.935 25.867 25.873 25.858 25.833 25.8 25.808 25.797 25.736 25.752 25.773 25.728 25.695 25.646 25.635 25.639 25.584 25.525 25.429 25.354 25.272 25.204 25.213 25.18 25.188 25.233 25.27 25.303 25.31 25.3 25.243 25.218 25.191 25.161 25.161 25.147 25.124 25.102 25.037 25.072 25.021 25.028 25.016 25.035 24.979 24.99
26.063 26.044 26.014 26.009 26.053 26.058 26.049 26.052 26.081 26.109 26.117 26.101 26.087 26.081 26.1 26.064 26.07 26.105 26.129 26.098 26.08 26.079 26.057 26.017 25.988 25.95 25.919 25.873 25.871 25.855 25.812 25.818 25.811 25.807 25.758 25.75 25.786 25.742 25.69 25.614 25.606 25.639 25.633 25.556 25.487 25.403 25.33 25.239 25.224 25.19 25.159 25.171 25.232 25.244 25.24 25.217 25.205 25.145 25.116 25.076 25.088 25.084 25.068 25.044 25.019 25.027 24.975 24.963 24.992 25.017 24.984 24.961
26.009 26 25.971 25.971 25.989 25.989 25.997 26 26.022 26.054 26.036 26.058 26.036 26.031 26.045 26.01 26.016 26.034 26.05 26.075 26.04 26.049 26.028 26.003 25.968 25.924 25.917 25.874 25.879 25.833 25.832 25.811 25.827 25.824 25.79 25.75 25.787 25.778 25.694 25.655 25.635 25.639 25.613 25.58 25.506 25.418 25.355 25.303 25.252 25.219 25.147 25.158 25.192 25.187 25.185 25.147 25.15 25.099 25.083 25.061 25.061 25.042 25.067 25.062 25.089 25.062 24.994 25.006 25.052 25.033 25 24.99
25.958 25.962 25.937 25.911 25.903 25.948 25.959 25.958 25.984 25.979 26 25.999 25.983 25.97 25.984 25.982 25.987 25.992 25.982 26.018 26.004 26.015 26.013 26.003 25.964 25.934 25.875 25.87 25.858 25.829 25.833 25.843 25.85 25.831 25.805 25.746 25.79 25.781 25.74 25.669 25.673 25.653 25.62 25.601 25.548 25.449 25.377 25.346 25.28 25.264 25.254 25.24 25.189 25.241 25.222 25.191 25.156 25.091 24.987 24.997 24.996 24.976 24.98 24.966 24.974 24.906 24.888 24.862 24.902 24.922 24.928 24.903
25.932 25.924 25.895 25.881 25.881 25.913 25.915 25.912 25.932 25.928 25.949 25.962 25.94 25.923 25.919 25.951 25.925 25.961 25.971 25.979 25.993 26.021 25.98 25.961 25.928 25.926 25.913 25.873 25.857 25.834 25.832 25.862 25.883 25.845 25.82 25.802 25.82 25.807 25.781 25.698 25.663 25.667 25.634 25.635 25.561 25.477 25.44 25.408 25.321 25.254 25.237 25.126 25.085 25.048 25.046 25.042 25.009 24.944 24.885 24.873 24.853 24.883 24.863 24.866 24.884 24.873 24.863 24.842 24.859 24.869 24.894 24.888
25.908 25.912 25.883 25.87 25.873 25.893 25.89 25.895 25.897 25.926 25.913 25.919 25.9 25.887 25.88 25.888 25.919 25.931 25.942 25.956 25.972 25.99 25.984 25.976 25.952 25.907 25.897 25.859 25.841 25.86 25.868 25.841 25.848 25.86 25.84 25.855 25.831 25.815 25.787 25.721 25.701 25.683 25.631 25.628 25.587 25.503 25.455 25.412 25.368 25.305 25.237 25.162 25.1 25.039 25.016 25.015 24.977 24.922 24.865 24.837 24.792 24.822 24.818 24.78 24.859 24.832 24.819 24.807 24.825 24.819 24.791 24.842
25.885 25.889 25.867 25.846 25.871 25.86 25.896 25.88 25.884 25.884 25.894 25.894 25.874 25.874 25.858 25.865 25.873 25.909 25.923 25.941 25.974 25.972 25.97 25.973 25.927 25.911 25.915 25.855 25.85 25.874 25.856 25.83 25.839 25.842 25.849 25.85 25.848 25.832 25.808 25.706 25.692 25.681 25.627 25.605 25.582 25.533 25.479 25.424 25.387 25.303 25.255 25.177 25.116 25.062 24.992 24.949 24.921 24.904 24.848 24.809 24.767 24.752 24.784 24.75 24.767 24.803 24.805 24.786 24.795 24.78 24.776 24.78
25.866 25.862 25.864 25.826 25.808 25.856 25.87 25.85 25.854 25.881 25.864 25.857 25.855 25.881 25.879 25.859 25.86 25.881 25.903 25.921 25.956 25.939 25.935 25.965 25.924 25.898 25.897 25.832 25.825 25.842 25.852 25.824 25.832 25.839 25.856 25.851 25.852 25.837 25.829 25.783 25.693 25.696 25.637 25.584 25.584 25.517 25.49 25.44 25.408 25.358 25.292 25.215 25.132 25.052 24.994 24.959 24.9 24.869 24.794 24.744 24.746 24.769 24.762 24.744 24.755 24.788 24.769 24.744 24.752 24.768 24.761 24.746
25.857 25.841 25.817 25.813 25.757 25.797 25.844 25.84 25.843 25.853 25.849 25.849 25.85 25.827 25.832 25.833 25.849 25.853 25.884 25.909 25.914 25.932 25.919 25.955 25.944 25.908 25.918 25.872 25.834 25.865 25.86 25.818 25.853 25.839 25.859 25.868 25.859 25.829 25.832 25.775 25.714 25.707 25.641 25.592 25.582 25.53 25.505 25.46 25.425 25.382 25.324 25.258 25.145 25.081 25.006 24.948 24.905 24.861 24.805 24.749 24.753 24.744 24.725 24.756 24.795 24.811 24.8 24.767 24.794 24.83 24.802 24.837
25.853 25.804 25.779 25.765 25.769 25.781 25.818 25.828 25.821 25.826 25.844 25.833 25.817 25.802 25.791 25.798 25.816 25.841 25.864 25.872 25.898 25.91 25.91 25.962 25.937 25.916 25.914 25.88 25.852 25.858 25.853 25.825 25.831 25.859 25.869 25.87 25.857 25.837 25.836 25.795 25.743 25.704 25.652 25.611 25.59 25.553 25.513 25.483 25.438 25.405 25.35 25.3 25.266 25.152 25.091 25.08 25.01 24.965 24.869 24.832 24.811 24.799 24.792 24.77 24.773 24.787 24.735 24.759 24.746 24.711 24.731 24.742
25.86 25.798 25.78 25.754 25.735 25.773 25.81 25.816 25.805 25.807 25.823 25.801 25.8 25.808 25.805 25.782 25.789 25.799 25.829 25.86 25.869 25.88 25.894 25.912 25.936 25.924 25.921 25.899 25.856 25.812 25.827 25.832 25.832 25.849 25.863 25.835 25.855 25.826 25.834 25.785 25.741 25.7 25.643 25.606 25.602 25.564 25.528 25.517 25.469 25.442 25.369 25.324 25.262 25.138 25.061 24.951 24.945 24.891 24.873 24.803 24.78 24.764 24.717 24.704 24.691 24.713 24.697 24.7 24.709 24.722 24.699 24.68
25.799 25.791 25.762 25.749 25.74 25.731 25.777 25.78 25.78 25.773 25.786 25.795 25.788 25.792 25.779 25.781 25.788 25.803 25.82 25.832 25.861 25.885 25.885 25.894 25.927 25.904 25.909 25.876 25.862 25.815 25.837 25.851 25.831 25.802 25.836 25.832 25.826 25.829 25.825 25.812 25.764 25.701 25.661 25.615 25.611 25.573 25.546 25.519 25.479 25.437 25.377 25.318 25.261 25.132 25.04 24.957 24.919 24.918 24.891 24.845 24.79 24.779 24.743 24.749 24.714 24.704 24.701 24.698 24.713 24.684 24.7 24.702
25.79 25.763 25.737 25.715 25.696 25.666 25.712 25.747 25.748 25.772 25.734 25.784 25.777 25.769 25.786 25.755 25.716 25.767 25.804 25.831 25.844 25.879 25.887 25.895 25.892 25.887 25.901 25.887 25.84 25.826 25.842 25.863 25.829 25.81 25.816 25.825 25.822 25.829 25.825 25.793 25.729 25.7 25.675 25.651 25.612 25.598 25.541 25.517 25.479 25.425 25.381 25.316 25.246 25.148 25.052 24.973 24.914 24.919 24.865 24.843 24.812 24.788 24.739 24.717 24.71 24.698 24.731 24.715 24.728 24.715 24.725 24.731
25.744 25.734 25.7 25.688 25.659 25.651 25.677 25.708 25.737 25.748 25.734 25.747 25.749 25.744 25.766 25.768 25.744 25.738 25.792 25.82 25.819 25.854 25.882 25.888 25.88 25.9 25.894 25.881 25.862 25.848 25.855 25.852 25.832 25.807 25.801 25.818 25.834 25.824 25.819 25.818 25.74 25.678 25.678 25.682 25.626 25.598 25.561 25.511 25.486 25.411 25.388 25.342 25.257 25.166 25.07 25.004 24.946 24.935 24.883 24.869 24.843 24.823 24.794 24.793 24.78 24.746 24.743 24.732 24.757 24.761 24.731 24.798
25.71 25.704 25.681 25.669 25.645 25.611 25.648 25.685 25.712 25.741 25.727 25.728 25.725 25.721 25.734 25.757 25.74 25.755 25.794 25.805 25.812 25.837 25.872 25.879 25.892 25.9 25.895 25.884 25.845 25.855 25.831 25.817 25.799 25.779 25.788 25.806 25.833 25.82 25.823 25.796 25.747 25.668 25.677 25.639 25.622 25.573 25.579 25.557 25.521 25.477 25.431 25.367 25.316 25.266 25.145 25.081 25.015 24.958 24.906 24.869 24.876 24.851 24.88 24.882 24.867 24.83 24.831 24.807 24.773 24.793 24.77 24.798
25.689 25.693 25.695 25.67 25.636 25.593 25.636 25.651 25.679 25.692 25.694 25.695 25.707 25.687 25.724 25.734 25.717 25.747 25.779 25.796 25.808 25.817 25.86 25.87 25.893 25.902 25.874 25.866 25.816 25.814 25.82 25.798 25.785 25.764 25.768 25.796 25.794 25.802 25.783 25.747 25.715 25.682 25.671 25.644 25.631 25.613 25.595 25.561 25.536 25.5 25.468 25.433 25.375 25.313 25.215 25.138 25.059 25.022 24.995 24.906 24.967 24.899 24.916 24.935 24.939 24.921 24.911 24.863 24.868 24.897 24.903 24.936
25.672 25.663 25.686 25.66 25.586 25.586 25.611 25.634 25.681 25.676 25.68 25.665 25.687 25.694 25.702 25.709 25.701 25.721 25.779 25.776 25.823 25.827 25.836 25.858 25.858 25.865 25.858 25.853 25.828 25.818 25.808 25.791 25.778 25.769 25.747 25.758 25.743 25.745 25.723 25.705 25.717 25.691 25.701 25.676 25.625 25.628 25.627 25.599 25.545 25.532 25.49 25.466 25.399 25.368 25.332 25.225 25.119 24.996 24.989 24.923 24.917 24.941 24.958 24.955 24.917 24.918 24.875 24.84 24.854 24.843 24.867 24.876
25.655 25.648 25.642 25.629 25.579 25.57 25.564 25.608 25.635 25.67 25.665 25.649 25.699 25.689 25.685 25.712 25.704 25.724 25.764 25.762 25.813 25.836 25.837 25.837 25.844 25.833 25.825 25.827 25.786 25.783 25.776 25.765 25.764 25.752 25.754 25.721 25.725 25.735 25.717 25.734 25.721 25.721 25.69 25.698 25.663 25.668 25.634 25.602 25.587 25.578 25.516 25.518 25.458 25.414 25.316 25.224 25.157 25.042 25.041 24.968 24.958 24.975 24.966 24.969 24.916 24.904 24.884 24.842 24.846 24.859 24.872 24.958
25.637 25.621 25.616 25.611 25.595 25.571 25.539 25.58 25.61 25.63 25.644 25.652 25.679 25.672 25.68 25.723 25.712 25.774 25.757 25.764 25.788 25.812 25.826 25.812 25.829 25.821 25.812 25.797 25.816 25.783 25.759 25.764 25.738 25.723 25.734 25.696 25.705 25.732 25.75 25.754 25.729 25.745 25.735 25.71 25.667 25.666 25.67 25.691 25.658 25.665 25.582 25.539 25.512 25.468 25.401 25.302 25.215 25.148 25.1 25.042 25.014 25.03 24.955 24.949 24.906 24.919 24.928 24.908 24.91 24.921 24.954 25.042
25.616 25.595 25.6 25.605 25.586 25.559 25.545 25.535 25.575 25.582 25.619 25.631 25.661 25.685 25.685 25.709 25.744 25.759 25.766 25.788 25.796 25.798 25.805 25.775 25.791 25.801 25.795 25.779 25.776 25.755 25.751 25.727 25.707 25.688 25.695 25.685 25.723 25.741 25.757 25.73 25.738 25.7 25.689 25.711 25.723 25.712 25.702 25.699 25.721 25.697 25.697 25.662 25.633 25.534 25.505 25.505 25.373 25.247 25.13 25.099 25.061 25.092 25.034 25.029 24.978 24.936 24.935 24.993 25.031 25.069 25.074 25.144
25.622 25.588 25.596 25.59 25.575 25.537 25.514 25.525 25.542 25.591 25.598 25.633 25.665 25.681 25.685 25.701 25.723 25.739 25.751 25.787 25.806 25.781 25.799 25.777 25.76 25.749 25.744 25.75 25.716 25.746 25.722 25.663 25.654 25.691 25.718 25.72 25.713 25.729 25.713 25.69 25.685 25.7 25.718 25.75 25.726 25.728 25.747 25.779 25.807 25.81 25.758 25.681 25.514 25.439 25.411 25.228 25.127 24.932 24.976 24.892 24.892 24.901 24.673 24.83 24.602 24.833 24.61 24.979 24.982 24.696 24.749 24.71
25.622 25.607 25.591 25.601 25.568 25.531 25.486 25.514 25.521 25.563 25.613 25.607 25.639 25.653 25.694 25.696 25.697 25.71 25.733 25.771 25.776 25.784 25.781 25.758 25.76 25.734 25.726 25.734 25.724 25.698 25.69 25.692 25.679 25.717 25.728 25.756 25.712 25.676 25.686 25.721 25.717 25.725 25.75 25.75 25.8 25.799 25.819 25.804 25.547 25.403 24.981 24.741 24.471 24.508 24.674 24.468 24.514 24.344 24.625 24.451 24.492 24.408 24.256 24.387 24.189 24.089 23.945 24.466 24.31 24.064 24.296 24.615
25.603 25.593 25.56 25.569 25.552 25.496 25.492 25.519 25.503 25.531 25.591 25.589 25.609 25.649 25.678 25.69 25.687 25.667 25.716 25.725 25.752 25.771 25.774 25.753 25.727 25.701 25.715 25.739 25.693 25.717 25.659 25.706 25.692 25.733 25.733 25.724 25.698 25.708 25.761 25.77 25.777 25.78 25.801 25.835 25.893 25.742 25.563 25.271 25.091 25.124 24.319 24.578 24.777 25.055 24.999 25.395 25.262 25.363 25.479 25.26 25.141 25.224 25.221 25.091 25.089 24.88 24.965 24.999 24.711 24.763 24.964 25.083
25.574 25.562 25.539 25.512 25.53 25.52 25.471 25.485 25.501 25.496 25.542 25.573 25.596 25.615 25.646 25.672 25.692 25.709 25.719 25.711 25.711 25.744 25.764 25.74 25.695 25.691 25.705 25.686 25.719 25.717 25.709 25.717 25.733 25.719 25.727 25.735 25.751 25.762 25.783 25.781 25.813 25.831 25.865 25.754 25.269 24.781 24.534 24.206 24.534 27.038 25.699 25.482 25.594 25.653 25.552 25.501 25.499 25.411 25.376 25.343 25.336 25.287 25.266 25.212 25.129 25.178 25.214 25.252 25.159 25.106 25.126 25.113
25.552 25.528 25.541 25.53 25.511 25.472 25.494 25.474 25.501 25.497 25.534 25.542 25.561 25.621 25.637 25.647 25.641 25.664 25.7 25.671 25.707 25.714 25.713 25.709 25.687 25.667 25.73 25.749 25.751 25.68 25.74 25.727 25.743 25.745 25.777 25.791 25.81 25.787 25.812 25.852 25.907 25.716 25.209 24.849 24.668 24.469 24.864 25.364 25.542 26.085 25.819 25.618 25.597 25.58 25.566 25.508 25.462 25.429 25.393 25.355 25.333 25.284 25.232 25.23 25.157 25.162 25.22 25.252 25.211 25.157 25.144 25.093
25.519 25.511 25.536 25.503 25.503 25.491 25.471 25.493 25.506 25.512 25.533 25.56 25.555 25.6 25.623 25.63 25.597 25.595 25.626 25.623 25.653 25.663 25.675 25.696 25.682 25.675 25.644 25.723 25.752 25.729 25.737 25.764 25.808 25.808 25.807 25.827 25.86 25.86 25.899 25.853 25.546 24.773 24.521 24.718 25.279 25.604 25.725 25.696 25.716 25.641 25.652 25.59 25.607 25.619 25.618 25.506 25.443 25.43 25.399 25.408 25.337 25.353 25.622 25.673 25.345 25.208 25.261 25.288 25.232 25.119 25.07 25.076
25.543 25.503 25.5 25.494 25.482 25.461 25.462 25.495 25.507 25.511 25.549 25.56 25.56 25.576 25.584 25.607 25.578 25.582 25.594 25.618 25.628 25.661 25.676 25.695 25.699 25.678 25.718 25.745 25.732 25.751 25.792 25.815 25.818 25.837 25.845 25.891 25.898 25.736 25.13 24.652 24.87 24.846 25.059 25.74 25.776 25.696 25.706 25.656 25.648 25.638 25.631 25.626 25.641 25.618 25.587 25.519 25.465 25.453 25.405 25.419 25.377 25.341 25.56 25.336 25.296 25.284 25.279 25.297 25.236 25.087 25.029 24.988
25.519 25.511 25.507 25.47 25.475 25.46 25.474 25.459 25.5 25.519 25.546 25.528 25.539 25.533 25.553 25.584 25.581 25.55 25.604 25.627 25.637 25.674 25.7 25.697 25.715 25.72 25.692 25.733 25.769 25.806 25.814 25.836 25.866 25.901 25.908 25.854 25.316 24.862 24.549 25.008 25.331 25.663 25.734 25.642 25.666 25.665 25.669 25.675 25.664 25.646 25.612 25.606 25.61 25.586 25.55 25.516 25.448 25.411 25.397 25.418 25.377 25.312 25.282 25.189 25.179 25.259 25.223 25.256 25.2 25.137 25.112 24.892
25.516 25.499 25.476 25.438 25.442 25.429 25.431 25.454 25.468 25.477 25.509 25.513 25.52 25.512 25.54 25.571 25.574 25.578 25.597 25.634 25.657 25.704 25.724 25.719 25.69 25.728 25.73 25.787 25.816 25.84 25.853 25.884 25.942 25.903 25.642 25.087 24.534 24.762 25.233 25.608 25.697 25.654 25.64 25.645 25.653 25.692 25.663 25.697 25.696 25.651 25.651 25.6 25.562 25.567 25.528 25.508 25.44 25.394 25.378 25.362 25.339 25.27 25.233 25.164 25.137 25.129 25.199 25.225 25.197 25.19 25.172 25.016
25.472 25.466 25.452 25.434 25.386 25.391 25.404 25.425 25.444 25.463 25.495 25.505 25.526 25.533 25.548 25.576 25.628 25.6 25.614 25.643 25.664 25.685 25.695 25.691 25.711 25.807 25.801 25.812 25.83 25.869 25.91 25.943 25.669 25.165 24.594 24.293 25.105 25.517 25.605 25.61 25.582 25.617 25.656 25.676 25.681 25.652 25.627 25.63 25.659 25.614 25.589 25.582 25.559 25.544 25.53 25.517 25.455 25.403 25.367 25.298 25.309 25.248 25.194 25.143 25.103 25.105 25.14 25.197 25.233 25.212 25.19 25.127
25.457 25.458 25.465 25.467 25.399 25.415 25.44 25.463 25.474 25.479 25.52 25.565 25.573 25.566 25.601 25.623 25.634 25.63 25.629 25.656 25.665 25.677 25.709 25.702 25.731 25.783 25.811 25.846 25.865 25.868 25.774 25.324 24.723 24.295 24.833 25.359 25.61 25.571 25.572 25.583 25.627 25.641 25.652 25.636 25.636 25.606 25.573 25.563 25.563 25.578 25.573 25.55 25.559 25.51 25.508 25.477 25.44 25.377 25.313 25.247 25.224 25.245 25.22 25.163 25.141 25.113 25.149 25.212 25.249 25.25 25.23 25.179
