StarCarr/ta02801_DSM_2M.asc
ncols 500
nrows 1000
xllcorner    502000
yllcorner    480000
cellsize     2
NODATA_value -9999
[rows 160 to 191 of 1000, columns 144 to 215 of 500]
26.293 26.29 26.304 26.335 26.346 26.337 26.325 26.351 26.341 26.323 26.343 26.338 26.349 26.355 26.392 26.375 26.348 26.366 26.357 26.334 26.354 26.34 26.335 26.36 26.366 26.357 26.383 26.416 26.463 26.471 26.473 26.512 26.543 26.594 26.641 26.648 26.65 26.665 26.692 26.724 26.74 26.754 26.78 26.799 26.806 26.84 26.862 26.866 26.843 26.812 26.781 26.788 26.775 26.782 26.757 26.787 26.825 26.809 26.804 26.792 26.827 26.83 26.83 26.84 26.839 26.834 26.83 26.769 26.75 26.715 26.734 26.74
26.296 26.323 26.329 26.325 26.326 26.364 26.341 26.344 26.376 26.348 26.355 26.355 26.346 26.345 26.38 26.385 26.355 26.37 26.369 26.352 26.337 26.339 26.361 26.358 26.369 26.387 26.399 26.418 26.46 26.495 26.499 26.533 26.549 26.603 26.673 26.675 26.717 26.73 26.741 26.743 26.781 26.796 26.807 26.823 26.84 26.892 26.922 26.938 26.916 26.884 26.87 26.835 26.82 26.832 26.82 26.839 26.883 26.88 26.892 26.894 26.898 26.908 26.903 26.884 26.897 26.881 26.843 26.784 26.792 26.761 26.765 26.731
26.306 26.324 26.324 26.333 26.329 26.373 26.362 26.341 26.36 26.377 26.384 26.357 26.343 26.324 26.35 26.381 26.372 26.354 26.358 26.359 26.36 26.348 26.357 26.353 26.344 26.352 26.412 26.418 26.446 26.493 26.499 26.55 26.564 26.591 26.671 26.713 26.759 26.767 26.77 26.788 26.811 26.83 26.842 26.855 26.865 26.905 26.966 26.982 26.959 26.941 26.91 26.879 26.872 26.866 26.89 26.899 26.91 26.92 26.96 26.921 26.93 26.931 26.964 26.938 26.924 26.921 26.894 26.819 26.852 26.833 26.804 26.761
26.319 26.316 26.324 26.359 26.354 26.366 26.369 26.362 26.356 26.384 26.384 26.361 26.358 26.363 26.374 26.394 26.375 26.384 26.357 26.367 26.379 26.368 26.359 26.357 26.322 26.354 26.376 26.414 26.441 26.472 26.511 26.566 26.603 26.626 26.672 26.724 26.766 26.789 26.786 26.825 26.858 26.863 26.887 26.917 26.935 26.946 26.988 26.999 27.004 26.983 26.95 26.933 26.944 26.919 26.938 26.951 26.947 26.946 26.967 26.958 26.942 26.963 26.983 26.988 26.954 26.939 26.912 26.869 26.867 26.863 26.842 26.819
26.322 26.305 26.341 26.369 26.357 26.361 26.367 26.374 26.391 26.389 26.369 26.377 26.368 26.374 26.379 26.41 26.378 26.4 26.369 26.37 26.365 26.383 26.37 26.353 26.334 26.362 26.388 26.409 26.446 26.484 26.531 26.551 26.612 26.665 26.723 26.745 26.798 26.808 26.842 26.873 26.893 26.898 26.917 26.946 26.996 27.007 27.048 27.06 27.063 27.038 26.994 26.981 27.011 27.007 27.001 26.991 27.005 26.996 26.999 27.007 27.001 27.01 27 27.006 26.984 26.97 26.923 26.923 26.9 26.865 26.83 26.854
26.314 26.327 26.355 26.348 26.342 26.351 26.371 26.36 26.399 26.388 26.367 26.384 26.369 26.325 26.341 26.39 26.353 26.351 26.344 26.35 26.343 26.349 26.377 26.372 26.353 26.382 26.407 26.41 26.458 26.503 26.533 26.557 26.616 26.677 26.731 26.758 26.822 26.865 26.874 26.881 26.908 26.95 26.95 26.983 27.004 27.062 27.102 27.136 27.141 27.11 27.058 27.023 26.991 27.024 27.016 26.985 27.009 27.041 27.05 27.035 27.037 27.043 27.042 27.024 26.987 26.964 26.934 26.926 26.891 26.869 26.856 26.862
26.325 26.326 26.327 26.35 26.335 26.353 26.367 26.359 26.383 26.383 26.375 26.363 26.34 26.341 26.353 26.351 26.351 26.345 26.33 26.331 26.344 26.334 26.355 26.379 26.343 26.343 26.404 26.416 26.441 26.514 26.551 26.585 26.643 26.709 26.744 26.786 26.864 26.903 26.927 26.924 26.942 26.967 26.989 27.033 27.041 27.08 27.132 27.156 27.144 27.138 27.088 27.079 27.024 27.026 27.034 27.018 27.032 27.044 27.068 27.06 27.035 27.018 27.042 27.045 27.012 26.964 26.985 26.952 26.907 26.907 26.897 26.876
26.329 26.29 26.302 26.333 26.357 26.354 26.349 26.365 26.367 26.356 26.371 26.364 26.345 26.359 26.349 26.335 26.35 26.349 26.34 26.35 26.358 26.351 26.332 26.356 26.34 26.316 26.352 26.41 26.447 26.497 26.522 26.584 26.657 26.729 26.767 26.827 26.862 26.885 26.94 26.965 26.992 27.004 27.027 27.056 27.073 27.104 27.144 27.168 27.137 27.121 27.08 27.093 27.072 27.052 27.054 27.063 27.068 27.068 27.08 27.089 27.019 27.039 27.044 27.059 27.045 26.999 27.003 26.987 26.937 26.921 26.931 26.926
26.301 26.309 26.332 26.344 26.356 26.374 26.357 26.369 26.382 26.373 26.374 26.355 26.348 26.341 26.361 26.343 26.34 26.344 26.337 26.327 26.337 26.325 26.327 26.326 26.329 26.357 26.343 26.416 26.464 26.518 26.541 26.579 26.636 26.732 26.818 26.841 26.863 26.926 26.983 26.993 27.012 27.061 27.075 27.084 27.132 27.154 27.179 27.179 27.186 27.146 27.113 27.104 27.103 27.048 27.044 27.048 27.098 27.087 27.081 27.074 27.049 27.066 27.012 27.025 27.05 27.013 26.998 26.986 26.936 26.936 26.953 26.946
26.308 26.312 26.309 26.32 26.32 26.356 26.359 26.35 26.387 26.375 26.375 26.364 26.334 26.308 26.315 26.34 26.34 26.338 26.302 26.295 26.309 26.318 26.323 26.333 26.332 26.373 26.385 26.417 26.453 26.525 26.572 26.611 26.658 26.715 26.835 26.881 26.91 26.973 27.045 27.063 27.051 27.082 27.096 27.103 27.136 27.178 27.209 27.215 27.228 27.207 27.165 27.127 27.09 27.055 27.049 27.038 27.078 27.082 27.078 27.067 27.066 27.074 27.062 27.048 27.06 27.029 27.008 26.984 26.969 26.994 26.989 26.977
26.3 26.271 26.288 26.316 26.334 26.355 26.355 26.331 26.351 26.35 26.376 26.354 26.318 26.301 26.278 26.322 26.319 26.338 26.298 26.315 26.321 26.313 26.316 26.326 26.328 26.312 26.368 26.41 26.455 26.49 26.546 26.603 26.689 26.707 26.803 26.896 26.956 26.989 27.047 27.102 27.108 27.11 27.123 27.146 27.161 27.199 27.239 27.253 27.25 27.179 27.16 27.107 27.082 27.064 27.055 27.063 27.068 27.069 27.081 27.074 27.05 27.059 27.063 27.063 27.053 27.01 27.006 26.981 26.998 27.013 27.02 26.992
26.296 26.244 26.254 26.315 26.334 26.349 26.34 26.343 26.37 26.35 26.347 26.335 26.31 26.338 26.313 26.328 26.328 26.324 26.335 26.304 26.317 26.332 26.325 26.333 26.324 26.315 26.37 26.388 26.469 26.492 26.563 26.599 26.682 26.728 26.844 26.899 26.94 27.039 27.064 27.129 27.135 27.134 27.166 27.165 27.189 27.242 27.232 27.239 27.214 27.174 27.147 27.128 27.104 27.079 27.067 27.091 27.091 27.065 27.072 27.098 27.069 27.037 27.034 27.042 27.046 27.024 27.026 27.03 27.038 27.038 27.046 27.037
26.293 26.29 26.289 26.317 26.323 26.332 26.34 26.348 26.383 26.36 26.33 26.326 26.323 26.307 26.306 26.326 26.331 26.328 26.355 26.32 26.294 26.322 26.331 26.357 26.345 26.347 26.376 26.382 26.459 26.518 26.558 26.6 26.685 26.755 26.826 26.916 26.957 27.047 27.05 27.154 27.151 27.157 27.18 27.177 27.233 27.267 27.273 27.246 27.207 27.2 27.161 27.126 27.097 27.087 27.08 27.064 27.076 27.078 27.079 27.086 27.077 27.08 27.066 27.062 27.053 27.057 27.047 27.05 27.057 27.058 27.037 27.077
26.298 26.279 26.299 26.319 26.326 26.337 26.358 26.346 26.35 26.377 26.349 26.323 26.307 26.253 26.275 26.319 26.307 26.293 26.319 26.318 26.313 26.303 26.324 26.352 26.359 26.359 26.386 26.419 26.459 26.504 26.587 26.629 26.694 26.767 26.82 26.908 26.96 27.055 27.077 27.171 27.178 27.159 27.209 27.205 27.226 27.258 27.292 27.288 27.271 27.239 27.192 27.167 27.093 27.097 27.054 27.053 27.067 27.099 27.09 27.073 27.054 27.073 27.089 27.08 27.058 27.051 27.056 27.054 27.068 27.082 27.058 27.081
26.307 26.256 26.248 26.33 26.358 26.341 26.363 26.358 26.384 26.368 26.345 26.333 26.31 26.227 26.293 26.309 26.297 26.288 26.316 26.318 26.325 26.334 26.335 26.352 26.37 26.345 26.383 26.423 26.456 26.52 26.593 26.62 26.665 26.752 26.803 26.905 26.969 27.032 27.077 27.15 27.206 27.194 27.222 27.223 27.232 27.226 27.271 27.275 27.235 27.223 27.178 27.124 27.103 27.087 27.07 27.068 27.045 27.054 27.088 27.113 27.054 27.041 27.083 27.076 27.063 27.07 27.083 27.075 27.066 27.091 27.092 27.113
26.29 26.248 26.281 26.338 26.354 26.337 26.349 26.347 26.364 26.368 26.357 26.317 26.299 26.316 26.329 26.325 26.29 26.314 26.331 26.32 26.312 26.349 26.331 26.357 26.39 26.382 26.363 26.415 26.43 26.515 26.584 26.626 26.697 26.74 26.817 26.889 26.981 26.99 27.072 27.127 27.22 27.213 27.223 27.22 27.252 27.232 27.261 27.279 27.223 27.186 27.136 27.108 27.096 27.085 27.062 27.074 27.049 27.044 27.069 27.086 27.057 27.042 27.066 27.085 27.066 27.076 27.113 27.098 27.107 27.129 27.129 27.145
26.298 26.273 26.315 26.326 26.332 26.346 26.364 26.355 26.326 26.38 26.372 26.327 26.295 26.312 26.32 26.331 26.33 26.296 26.326 26.318 26.314 26.32 26.336 26.364 26.372 26.383 26.413 26.429 26.443 26.498 26.57 26.593 26.67 26.732 26.812 26.876 26.955 26.993 27.101 27.096 27.177 27.195 27.222 27.22 27.229 27.238 27.266 27.311 27.228 27.207 27.162 27.116 27.11 27.098 27.076 27.057 27.066 27.064 27.064 27.064 27.054 27.072 27.093 27.074 27.076 27.096 27.113 27.14 27.104 27.151 27.163 27.138
26.308 26.281 26.311 26.333 26.337 26.352 26.382 26.369 26.358 26.365 26.368 26.354 26.315 26.265 26.267 26.297 26.319 26.307 26.33 26.316 26.303 26.305 26.343 26.363 26.375 26.368 26.387 26.441 26.462 26.497 26.582 26.611 26.694 26.73 26.803 26.896 26.945 26.966 27.055 27.095 27.149 27.182 27.197 27.207 27.198 27.211 27.243 27.282 27.242 27.205 27.194 27.136 27.113 27.067 27.061 27.061 27.044 27.064 27.062 27.068 27.085 27.055 27.107 27.112 27.089 27.095 27.131 27.138 27.154 27.158 27.17 27.159
26.348 26.283 26.294 26.329 26.368 26.386 26.381 26.377 26.381 26.389 26.374 26.355 26.327 26.325 26.307 26.292 26.291 26.289 26.298 26.303 26.315 26.304 26.344 26.354 26.366 26.332 26.38 26.451 26.469 26.491 26.551 26.604 26.668 26.709 26.773 26.854 26.9 26.962 27.023 27.099 27.149 27.205 27.169 27.184 27.18 27.199 27.233 27.261 27.255 27.193 27.14 27.121 27.093 27.049 27.048 27.045 27.056 27.06 27.062 27.063 27.045 27.037 27.097 27.094 27.106 27.109 27.123 27.169 27.167 27.142 27.174 27.174
26.374 26.371 26.342 26.385 26.392 26.399 26.406 26.4 26.401 26.396 26.385 26.362 26.347 26.313 26.325 26.314 26.316 26.304 26.304 26.269 26.302 26.332 26.353 26.348 26.348 26.337 26.374 26.414 26.457 26.482 26.504 26.594 26.629 26.688 26.753 26.853 26.882 26.932 26.987 27.077 27.101 27.174 27.174 27.165 27.159 27.19 27.224 27.203 27.219 27.177 27.135 27.108 27.086 27.058 27.048 27.059 27.062 27.054 27.083 27.057 27.072 27.048 27.083 27.114 27.132 27.122 27.121 27.135 27.143 27.14 27.168 27.169
26.383 26.374 26.366 26.382 26.402 26.387 26.419 26.412 26.403 26.414 26.398 26.353 26.357 26.338 26.294 26.306 26.302 26.289 26.292 26.287 26.305 26.32 26.332 26.348 26.354 26.373 26.4 26.433 26.442 26.496 26.496 26.576 26.609 26.695 26.743 26.828 26.853 26.931 26.959 27.024 27.077 27.113 27.137 27.139 27.132 27.182 27.23 27.175 27.204 27.149 27.116 27.073 27.069 27.068 27.057 27.063 27.061 27.064 27.054 27.043 27.072 27.054 27.072 27.111 27.124 27.124 27.125 27.154 27.157 27.145 27.151 27.165
26.405 26.364 26.351 26.365 26.386 26.41 26.405 26.403 26.394 26.409 26.387 26.369 26.335 26.323 26.279 26.297 26.297 26.273 26.269 26.277 26.294 26.31 26.285 26.328 26.34 26.346 26.413 26.442 26.411 26.472 26.485 26.57 26.599 26.671 26.722 26.787 26.839 26.89 26.934 26.991 27.067 27.045 27.086 27.11 27.12 27.143 27.186 27.174 27.18 27.172 27.12 27.083 27.032 27.02 27.029 27.01 27.036 27.067 27.043 27.038 27.049 27.027 27.074 27.065 27.123 27.121 27.1 27.124 27.151 27.12 27.142 27.15
26.422 26.386 26.33 26.404 26.408 26.428 26.424 26.404 26.4 26.419 26.376 26.382 26.356 26.295 26.271 26.295 26.277 26.259 26.274 26.261 26.265 26.284 26.28 26.32 26.34 26.327 26.345 26.387 26.424 26.479 26.493 26.536 26.59 26.652 26.72 26.738 26.814 26.835 26.876 26.914 27.024 27.02 27.057 27.081 27.106 27.099 27.126 27.129 27.134 27.104 27.094 27.046 27.036 27.014 26.997 27.02 27.016 27.033 27.039 27.025 27.066 27.045 27.049 27.075 27.084 27.111 27.092 27.099 27.134 27.119 27.122 27.126
26.403 26.4 26.391 26.407 26.414 26.416 26.451 26.416 26.395 26.417 26.397 26.379 26.342 26.311 26.296 26.293 26.268 26.265 26.278 26.276 26.252 26.263 26.29 26.308 26.334 26.358 26.367 26.373 26.422 26.44 26.516 26.53 26.586 26.64 26.697 26.721 26.788 26.802 26.843 26.889 26.97 26.977 27.008 27.032 27.016 27.062 27.084 27.072 27.094 27.056 27.045 27.013 27.008 26.974 26.977 26.987 27.007 27.03 27.021 27.006 27.02 26.999 27.035 27.053 27.055 27.089 27.086 27.096 27.083 27.085 27.104 27.076
26.415 26.389 26.368 26.409 26.403 26.4 26.438 26.417 26.417 26.412 26.408 26.378 26.346 26.312 26.265 26.272 26.231 26.267 26.258 26.26 26.231 26.234 26.261 26.285 26.302 26.328 26.35 26.359 26.419 26.444 26.508 26.531 26.586 26.621 26.686 26.722 26.761 26.762 26.802 26.846 26.883 26.935 26.95 26.976 26.942 26.991 27.044 27.039 27.024 27 27.009 26.974 26.973 26.993 26.972 26.977 26.97 27.008 27 26.979 27.014 27.002 26.988 27.009 27.018 27.047 27.026 27.044 27.044 27.058 27.056 27.06
26.437 26.416 26.366 26.369 26.414 26.437 26.443 26.421 26.425 26.41 26.39 26.378 26.35 26.298 26.22 26.215 26.227 26.248 26.233 26.227 26.229 26.235 26.248 26.263 26.296 26.298 26.306 26.357 26.409 26.443 26.481 26.509 26.563 26.612 26.627 26.672 26.724 26.75 26.779 26.807 26.808 26.889 26.896 26.908 26.893 26.932 26.959 27.001 27.005 26.98 26.984 26.964 26.926 26.944 26.902 26.948 26.952 26.959 26.984 26.955 26.982 26.967 26.961 27.011 27.015 27.013 26.987 27.006 27.006 27.023 27.032 26.993
26.438 26.438 26.418 26.367 26.421 26.443 26.45 26.408 26.398 26.403 26.398 26.341 26.334 26.28 26.29 26.237 26.222 26.228 26.223 26.215 26.199 26.217 26.242 26.262 26.27 26.276 26.286 26.349 26.383 26.439 26.451 26.49 26.555 26.613 26.621 26.678 26.696 26.685 26.72 26.755 26.765 26.831 26.826 26.832 26.849 26.877 26.924 26.957 26.986 26.943 26.922 26.905 26.854 26.86 26.842 26.871 26.897 26.937 26.936 26.932 26.928 26.912 26.938 26.954 26.982 26.969 26.959 26.962 26.961 26.985 26.965 26.895
26.438 26.424 26.405 26.408 26.416 26.407 26.424 26.432 26.392 26.398 26.391 26.353 26.313 26.274 26.25 26.244 26.228 26.217 26.205 26.188 26.185 26.192 26.207 26.226 26.238 26.256 26.259 26.342 26.358 26.409 26.44 26.479 26.515 26.578 26.582 26.637 26.659 26.642 26.651 26.681 26.707 26.757 26.801 26.767 26.804 26.813 26.897 26.901 26.906 26.867 26.835 26.829 26.827 26.817 26.788 26.815 26.858 26.879 26.898 26.901 26.895 26.89 26.892 26.936 26.933 26.925 26.949 26.927 26.918 26.91 26.932 26.882
26.42 26.414 26.391 26.362 26.379 26.423 26.408 26.415 26.388 26.383 26.359 26.318 26.267 26.271 26.221 26.174 26.19 26.16 26.159 26.166 26.164 26.166 26.167 26.187 26.212 26.226 26.246 26.313 26.344 26.382 26.433 26.476 26.505 26.517 26.558 26.587 26.624 26.604 26.634 26.625 26.679 26.69 26.721 26.705 26.752 26.752 26.815 26.828 26.823 26.799 26.758 26.784 26.768 26.778 26.769 26.799 26.824 26.859 26.862 26.847 26.856 26.832 26.865 26.874 26.885 26.886 26.885 26.897 26.859 26.86 26.878 26.832
26.406 26.41 26.356 26.351 26.361 26.404 26.397 26.393 26.376 26.369 26.313 26.301 26.264 26.223 26.159 26.138 26.134 26.138 26.118 26.108 26.128 26.14 26.137 26.149 26.184 26.198 26.197 26.254 26.302 26.346 26.404 26.441 26.436 26.458 26.518 26.519 26.564 26.527 26.584 26.587 26.631 26.616 26.639 26.655 26.69 26.717 26.737 26.775 26.781 26.795 26.743 26.732 26.692 26.695 26.715 26.728 26.771 26.813 26.814 26.815 26.813 26.793 26.787 26.841 26.832 26.829 26.837 26.846 26.828 26.815 26.81 26.815
26.395 26.377 26.329 26.348 26.381 26.366 26.377 26.382 26.368 26.343 26.306 26.273 26.227 26.195 26.154 26.132 26.114 26.089 26.084 26.109 26.12 26.123 26.117 26.129 26.16 26.182 26.207 26.201 26.26 26.307 26.357 26.405 26.412 26.43 26.475 26.491 26.502 26.516 26.522 26.51 26.569 26.592 26.574 26.594 26.607 26.665 26.67 26.719 26.731 26.722 26.697 26.667 26.655 26.639 26.648 26.682 26.711 26.721 26.769 26.779 26.771 26.764 26.775 26.799 26.806 26.816 26.794 26.819 26.784 26.777 26.792 26.771
26.375 26.353 26.347 26.35 26.35 26.321 26.348 26.345 26.338 26.303 26.269 26.246 26.208 26.165 26.117 26.107 26.088 26.072 26.058 26.097 26.08 26.055 26.072 26.105 26.138 26.138 26.201 26.217 26.251 26.307 26.339 26.377 26.405 26.393 26.452 26.472 26.441 26.45 26.461 26.489 26.509 26.551 26.533 26.557 26.583 26.636 26.646 26.684 26.686 26.67 26.644 26.616 26.6 26.597 26.608 26.611 26.702 26.707 26.72 26.74 26.74 26.743 26.707 26.772 26.761 26.762 26.767 26.778 26.761 26.724 26.736 26.737
