StarCarr/ta0280_DSM_2M.asc
ncols 500
nrows 500
xllcorner    502000
yllcorner    480000
cellsize     2
NODATA_value -9999
[rows 288 to 319 of 500, columns 0 to 71 of 500]
26.713 26.739 26.815 26.831 26.865 26.89 26.938 26.956 26.987 27.014 27.057 27.05 27.075 27.114 27.131 27.164 27.167 27.221 27.238 27.261 27.279 27.3 27.322 27.346 27.336 27.357 27.356 27.382 27.365 27.409 27.403 27.454 27.438 27.463 27.44 27.443 27.434 27.448 27.46 27.427 27.374 27.33 27.324 27.307 27.319 27.344 27.355 27.399 27.435 27.493 27.542 27.629 27.743 28.462 28.82 28.91 28.874 28.81 28.899 28.873 29.022 28.943 27.997 27.571 27.123 27.116 26.831 26.817 26.804 26.782 26.739 26.681
26.764 26.782 26.835 26.879 26.911 26.962 26.97 27 27.025 27.074 27.086 27.101 27.116 27.162 27.173 27.197 27.191 27.243 27.247 27.29 27.288 27.306 27.324 27.33 27.327 27.35 27.374 27.363 27.371 27.368 27.387 27.411 27.415 27.459 27.459 27.452 27.457 27.462 27.466 27.397 27.389 27.332 27.317 27.299 27.315 27.335 27.36 27.399 27.44 27.486 27.575 27.619 27.718 28.324 28.835 28.909 28.891 28.838 28.895 28.886 29.016 28.997 28.095 27.423 27.172 27.071 26.851 26.813 26.785 26.77 26.724 26.666
26.801 26.829 26.878 26.925 26.944 26.994 26.98 27.041 27.066 27.125 27.113 27.152 27.129 27.192 27.191 27.223 27.211 27.244 27.252 27.301 27.291 27.323 27.316 27.331 27.329 27.35 27.369 27.34 27.373 27.339 27.382 27.416 27.438 27.433 27.455 27.444 27.428 27.435 27.445 27.397 27.389 27.342 27.317 27.306 27.31 27.331 27.378 27.397 27.444 27.445 27.585 27.616 27.717 28.14 28.942 28.968 28.889 28.822 28.858 28.903 28.918 28.965 28.295 27.24 27.01 27.017 26.9 26.786 26.761 26.744 26.718 26.667
26.827 26.856 26.902 26.956 26.961 27.037 27.029 27.078 27.091 27.129 27.141 27.159 27.165 27.198 27.202 27.227 27.233 27.264 27.277 27.301 27.305 27.313 27.339 27.343 27.331 27.321 27.368 27.328 27.395 27.332 27.396 27.398 27.452 27.42 27.458 27.443 27.438 27.426 27.43 27.408 27.378 27.336 27.33 27.312 27.297 27.329 27.349 27.391 27.446 27.456 27.558 27.632 27.743 28.053 28.949 28.979 28.923 28.846 28.858 28.904 28.893 29 28.666 27.169 26.798 27.009 26.908 26.766 26.746 26.744 26.74 26.65
26.859 26.877 26.931 27.001 27.024 27.048 27.059 27.085 27.114 27.136 27.166 27.183 27.195 27.198 27.189 27.187 27.25 27.241 27.28 27.295 27.32 27.322 27.335 27.345 27.35 27.34 27.365 27.349 27.374 27.366 27.396 27.425 27.458 27.433 27.47 27.459 27.426 27.442 27.417 27.388 27.36 27.332 27.318 27.301 27.301 27.319 27.355 27.408 27.442 27.483 27.586 27.668 27.735 28.131 29.02 28.999 28.941 28.88 28.878 28.926 28.885 28.894 28.69 27.377 26.636 26.921 26.847 26.776 26.759 26.723 26.718 26.666
26.903 26.913 26.955 26.993 27.043 27.042 27.109 27.102 27.131 27.125 27.167 27.169 27.203 27.187 27.216 27.198 27.258 27.241 27.298 27.284 27.329 27.322 27.326 27.348 27.349 27.351 27.36 27.367 27.364 27.381 27.414 27.432 27.446 27.429 27.45 27.463 27.444 27.49 27.429 27.39 27.365 27.329 27.295 27.315 27.292 27.33 27.361 27.43 27.435 27.514 27.583 27.682 27.779 28.066 28.91 28.971 28.954 28.866 28.889 28.905 28.883 28.838 28.636 27.474 26.505 26.693 26.775 26.757 26.754 26.726 26.702 26.65
26.868 26.897 26.969 26.988 27.061 27.039 27.106 27.1 27.126 27.13 27.157 27.167 27.194 27.197 27.217 27.208 27.261 27.261 27.299 27.279 27.325 27.34 27.34 27.363 27.35 27.362 27.39 27.38 27.346 27.38 27.401 27.438 27.446 27.454 27.445 27.452 27.467 27.471 27.434 27.4 27.364 27.325 27.289 27.303 27.296 27.349 27.365 27.416 27.441 27.515 27.577 27.698 27.795 28.419 28.644 28.973 28.972 28.883 28.9 28.917 28.9 28.847 28.715 27.832 26.46 26.566 26.812 26.763 26.767 26.734 26.687 26.652
26.861 26.878 26.928 26.971 27.001 27.033 27.082 27.088 27.125 27.133 27.167 27.17 27.184 27.204 27.22 27.219 27.251 27.282 27.304 27.291 27.314 27.343 27.327 27.366 27.361 27.36 27.362 27.365 27.353 27.392 27.396 27.435 27.444 27.461 27.466 27.476 27.471 27.481 27.445 27.39 27.376 27.325 27.307 27.289 27.301 27.345 27.369 27.424 27.467 27.528 27.569 27.696 27.759 28.06 28.533 28.924 28.992 28.888 28.907 28.913 28.897 28.876 28.663 28.103 26.427 26.524 26.763 26.766 26.756 26.743 26.704 26.638
26.864 26.887 26.93 26.963 26.983 27.035 27.073 27.108 27.12 27.141 27.153 27.173 27.181 27.205 27.197 27.245 27.249 27.278 27.292 27.303 27.302 27.336 27.337 27.348 27.347 27.335 27.356 27.357 27.37 27.39 27.383 27.412 27.448 27.468 27.488 27.481 27.472 27.474 27.451 27.386 27.38 27.331 27.314 27.291 27.318 27.333 27.397 27.429 27.492 27.526 27.603 27.691 27.75 27.904 28.465 28.833 28.98 28.922 28.885 28.917 28.901 28.904 28.614 28.073 26.871 26.754 26.824 26.795 26.747 26.73 26.689 26.633
26.832 26.896 26.906 26.977 26.98 27.052 27.06 27.108 27.118 27.131 27.149 27.182 27.177 27.211 27.19 27.247 27.234 27.294 27.277 27.295 27.276 27.307 27.336 27.361 27.355 27.34 27.366 27.383 27.378 27.378 27.387 27.397 27.438 27.462 27.475 27.474 27.465 27.462 27.451 27.409 27.398 27.341 27.344 27.294 27.328 27.328 27.394 27.423 27.514 27.542 27.63 27.679 27.784 27.952 28.412 28.778 28.984 28.925 28.873 28.93 28.909 28.902 28.64 28.072 27.237 26.863 26.882 26.771 26.749 26.727 26.683 26.621
26.825 26.899 26.912 26.961 27 27.051 27.068 27.096 27.109 27.13 27.135 27.167 27.167 27.201 27.19 27.23 27.234 27.27 27.283 27.296 27.291 27.329 27.345 27.349 27.354 27.352 27.4 27.384 27.394 27.383 27.41 27.395 27.449 27.445 27.48 27.469 27.476 27.467 27.474 27.447 27.399 27.35 27.335 27.318 27.321 27.339 27.382 27.422 27.522 27.561 27.661 27.68 27.771 27.914 28.422 28.682 28.985 28.907 28.86 28.931 28.908 28.851 28.795 28.012 27.527 26.92 26.99 26.783 26.781 26.724 26.681 26.603
26.829 26.873 26.908 26.94 26.995 27.012 27.057 27.084 27.089 27.1 27.135 27.129 27.16 27.188 27.174 27.194 27.222 27.253 27.282 27.289 27.285 27.309 27.334 27.349 27.354 27.36 27.389 27.401 27.405 27.387 27.414 27.389 27.432 27.445 27.482 27.47 27.475 27.444 27.474 27.474 27.404 27.375 27.354 27.341 27.335 27.363 27.417 27.453 27.521 27.575 27.652 27.726 27.83 27.962 28.407 28.699 28.851 28.865 28.857 28.94 28.911 28.9 28.919 28.229 27.7 27.206 27.127 26.797 26.767 26.722 26.683 26.589
26.816 26.844 26.899 26.94 26.983 27.004 27.06 27.058 27.086 27.093 27.118 27.124 27.164 27.165 27.198 27.18 27.227 27.249 27.267 27.261 27.298 27.308 27.325 27.342 27.365 27.373 27.38 27.378 27.395 27.395 27.392 27.404 27.423 27.443 27.468 27.491 27.476 27.457 27.458 27.472 27.414 27.385 27.343 27.379 27.356 27.407 27.411 27.469 27.493 27.605 27.65 27.791 27.891 28.048 28.296 28.503 28.697 28.836 28.861 28.91 28.905 28.889 28.966 28.242 27.467 27.164 27.183 26.925 26.797 26.744 26.699 26.622
26.799 26.832 26.889 26.917 26.968 26.967 27.034 27.037 27.075 27.071 27.118 27.116 27.147 27.152 27.191 27.189 27.205 27.228 27.268 27.255 27.307 27.307 27.325 27.338 27.36 27.363 27.373 27.373 27.373 27.412 27.401 27.413 27.42 27.448 27.44 27.486 27.464 27.456 27.46 27.471 27.431 27.396 27.37 27.377 27.38 27.438 27.435 27.484 27.505 27.617 27.653 27.789 27.9 28.042 28.204 28.486 28.653 28.787 28.868 28.908 28.938 28.904 28.967 28.474 27.273 27.121 27.168 27.002 26.803 26.757 26.712 26.672
26.762 26.8 26.86 26.895 26.935 26.953 27.02 27.03 27.058 27.067 27.1 27.114 27.145 27.168 27.19 27.205 27.203 27.203 27.254 27.276 27.294 27.299 27.306 27.35 27.354 27.368 27.36 27.372 27.365 27.407 27.383 27.414 27.419 27.431 27.424 27.466 27.453 27.457 27.455 27.474 27.435 27.388 27.385 27.377 27.38 27.443 27.47 27.506 27.536 27.606 27.651 27.791 27.902 28.032 28.208 28.609 28.842 28.867 28.886 28.885 28.915 28.865 28.889 28.491 27.098 26.83 27.183 27.021 26.812 26.777 26.728 26.694
26.732 26.789 26.856 26.865 26.913 26.957 26.987 27.012 27.042 27.078 27.084 27.127 27.13 27.164 27.164 27.18 27.187 27.218 27.24 27.261 27.281 27.303 27.316 27.335 27.343 27.34 27.348 27.345 27.369 27.393 27.385 27.39 27.412 27.425 27.442 27.454 27.466 27.462 27.449 27.451 27.432 27.392 27.405 27.405 27.39 27.427 27.494 27.531 27.57 27.592 27.66 27.763 27.896 27.978 28.156 28.59 28.92 28.953 28.923 28.886 28.916 28.873 28.855 28.735 27.439 26.633 27.146 27.065 26.851 26.807 26.75 26.713
26.69 26.769 26.816 26.854 26.88 26.954 26.953 27.011 27.032 27.074 27.09 27.108 27.13 27.152 27.16 27.185 27.182 27.215 27.212 27.267 27.253 27.281 27.303 27.323 27.338 27.34 27.336 27.331 27.362 27.369 27.38 27.396 27.402 27.407 27.441 27.442 27.458 27.456 27.458 27.451 27.449 27.423 27.427 27.425 27.435 27.439 27.508 27.543 27.571 27.589 27.689 27.749 27.882 27.937 28.159 28.517 28.92 28.996 28.931 28.891 28.915 28.88 28.866 28.822 27.617 26.508 26.85 27.06 26.889 26.824 26.778 26.751
26.653 26.733 26.775 26.84 26.853 26.93 26.933 27.015 27.011 27.055 27.069 27.113 27.116 27.141 27.134 27.165 27.158 27.168 27.199 27.227 27.254 27.268 27.295 27.303 27.322 27.327 27.342 27.327 27.369 27.353 27.369 27.381 27.393 27.387 27.435 27.425 27.452 27.447 27.439 27.442 27.439 27.431 27.441 27.449 27.45 27.436 27.495 27.549 27.579 27.595 27.689 27.734 27.88 27.944 28.148 28.514 28.843 29.042 28.955 28.91 28.915 28.89 28.826 28.845 28.12 26.632 26.633 27.062 26.932 26.849 26.821 26.771
26.629 26.691 26.734 26.81 26.84 26.887 26.938 26.97 26.987 27.028 27.053 27.079 27.088 27.111 27.111 27.142 27.165 27.178 27.183 27.207 27.242 27.24 27.291 27.285 27.305 27.31 27.312 27.308 27.369 27.351 27.364 27.37 27.395 27.387 27.412 27.42 27.45 27.446 27.438 27.448 27.437 27.447 27.443 27.464 27.466 27.476 27.507 27.57 27.581 27.609 27.687 27.752 27.859 27.947 28.144 28.597 28.818 29.035 28.969 28.925 28.932 28.887 28.815 28.809 28.461 26.648 26.591 27.046 26.907 26.882 26.838 26.801
26.601 26.656 26.712 26.765 26.815 26.86 26.911 26.939 26.973 26.975 27.013 27.05 27.065 27.081 27.104 27.092 27.117 27.142 27.178 27.193 27.223 27.24 27.258 27.277 27.305 27.301 27.306 27.312 27.311 27.372 27.364 27.37 27.387 27.385 27.402 27.423 27.441 27.453 27.456 27.48 27.483 27.468 27.484 27.489 27.476 27.473 27.533 27.629 27.618 27.645 27.669 27.778 27.866 27.949 28.071 28.452 28.708 29.043 29.021 28.935 28.935 28.906 28.817 28.802 28.508 26.907 26.649 27.011 26.929 26.895 26.876 26.833
26.565 26.591 26.67 26.712 26.803 26.81 26.867 26.887 26.941 26.948 26.983 26.995 27.047 27.052 27.08 27.068 27.094 27.103 27.16 27.173 27.213 27.209 27.211 27.264 27.281 27.3 27.29 27.312 27.3 27.36 27.362 27.393 27.394 27.408 27.414 27.453 27.472 27.489 27.46 27.468 27.484 27.495 27.5 27.512 27.495 27.512 27.553 27.647 27.637 27.669 27.686 27.795 27.869 27.974 28.08 28.385 28.644 29 29.004 28.927 28.932 28.906 28.84 28.736 28.47 27.502 26.809 27.019 26.978 26.935 26.903 26.863
26.493 26.533 26.624 26.657 26.734 26.763 26.825 26.863 26.91 26.912 26.954 26.966 27.014 27.013 27.047 27.064 27.087 27.085 27.135 27.149 27.169 27.204 27.199 27.25 27.253 27.294 27.313 27.338 27.302 27.373 27.365 27.409 27.439 27.442 27.437 27.485 27.486 27.508 27.514 27.506 27.509 27.516 27.523 27.524 27.517 27.52 27.561 27.633 27.663 27.69 27.717 27.783 27.855 27.961 28.031 28.343 28.61 29.009 29.034 28.952 28.931 28.932 28.844 28.846 28.376 27.661 26.826 27.155 26.985 26.95 26.903 26.87
26.444 26.497 26.577 26.623 26.68 26.741 26.76 26.824 26.872 26.909 26.922 26.951 26.978 27.004 27.03 27.039 27.061 27.067 27.096 27.125 27.142 27.19 27.187 27.222 27.261 27.298 27.319 27.338 27.33 27.375 27.393 27.45 27.45 27.464 27.477 27.513 27.526 27.509 27.544 27.525 27.526 27.536 27.537 27.53 27.547 27.514 27.533 27.63 27.673 27.675 27.74 27.791 27.876 27.966 28.02 28.349 28.656 28.952 29.052 28.96 28.945 28.939 28.847 28.949 28.372 27.8 27.083 27.234 26.987 26.949 26.923 26.882
26.407 26.478 26.513 26.585 26.634 26.699 26.718 26.788 26.824 26.882 26.881 26.93 26.921 26.966 26.979 27.025 27.033 27.052 27.064 27.115 27.137 27.177 27.187 27.227 27.263 27.302 27.324 27.363 27.37 27.362 27.424 27.444 27.478 27.489 27.488 27.511 27.54 27.53 27.552 27.539 27.529 27.537 27.544 27.515 27.53 27.52 27.53 27.59 27.652 27.624 27.708 27.751 27.872 27.927 28.015 28.294 28.608 28.881 29.059 29.013 28.946 28.945 28.867 28.859 28.328 27.809 26.924 27.065 27.054 26.966 26.932 26.885
26.352 26.444 26.466 26.572 26.582 26.657 26.681 26.758 26.783 26.854 26.855 26.887 26.897 26.934 26.948 26.988 26.998 27.037 27.033 27.101 27.136 27.155 27.182 27.232 27.283 27.307 27.346 27.35 27.395 27.383 27.441 27.454 27.511 27.499 27.503 27.517 27.548 27.529 27.545 27.546 27.532 27.528 27.516 27.499 27.513 27.501 27.509 27.555 27.631 27.612 27.678 27.737 27.847 27.903 28.033 28.267 28.669 28.824 29.059 29.007 28.943 28.96 28.896 28.888 28.604 27.923 27.415 27.041 27.108 26.95 26.919 26.871
26.33 26.399 26.46 26.535 26.561 26.624 26.668 26.735 26.759 26.821 26.823 26.851 26.862 26.908 26.923 26.96 26.973 26.984 27.033 27.073 27.127 27.148 27.168 27.218 27.279 27.295 27.337 27.356 27.377 27.408 27.442 27.439 27.485 27.49 27.497 27.495 27.523 27.502 27.521 27.525 27.526 27.49 27.492 27.491 27.493 27.477 27.484 27.528 27.572 27.598 27.65 27.717 27.818 27.894 27.996 28.173 28.513 28.766 29.067 29.032 28.947 28.963 28.912 28.954 28.836 27.731 27.36 26.981 27.198 26.944 26.897 26.872
26.304 26.362 26.437 26.49 26.545 26.598 26.649 26.692 26.74 26.772 26.814 26.821 26.842 26.861 26.885 26.921 26.962 26.973 27.004 27.061 27.106 27.135 27.169 27.195 27.25 27.283 27.303 27.333 27.371 27.381 27.418 27.425 27.453 27.464 27.476 27.472 27.5 27.478 27.48 27.488 27.487 27.447 27.439 27.445 27.432 27.453 27.471 27.487 27.539 27.587 27.617 27.695 27.77 27.86 27.969 28.123 28.451 28.761 29.01 29.021 28.959 28.952 28.926 28.938 28.944 28.13 27.475 26.908 27.157 26.957 26.899 26.873
26.29 26.343 26.438 26.468 26.537 26.561 26.638 26.641 26.717 26.727 26.785 26.777 26.804 26.804 26.866 26.889 26.934 26.943 26.981 27.014 27.08 27.119 27.136 27.166 27.22 27.268 27.293 27.318 27.331 27.362 27.377 27.41 27.396 27.43 27.426 27.441 27.456 27.436 27.426 27.416 27.425 27.396 27.439 27.414 27.421 27.446 27.448 27.475 27.503 27.566 27.598 27.675 27.722 27.838 27.933 28.082 28.334 28.653 29.03 29.039 28.956 28.946 28.923 28.883 28.865 28.258 27.467 27.069 27.106 26.988 26.905 26.882
26.314 26.333 26.426 26.471 26.526 26.542 26.614 26.629 26.686 26.69 26.744 26.761 26.775 26.789 26.848 26.845 26.887 26.906 26.94 26.973 27.037 27.092 27.11 27.135 27.166 27.202 27.222 27.287 27.276 27.307 27.303 27.361 27.355 27.388 27.405 27.401 27.376 27.398 27.378 27.381 27.383 27.381 27.4 27.39 27.409 27.431 27.42 27.459 27.502 27.556 27.585 27.643 27.684 27.786 27.889 28.051 28.3 28.639 29.064 29.086 28.963 28.955 28.914 28.861 28.86 28.448 27.633 27.204 27.08 26.983 26.907 26.882
26.311 26.339 26.417 26.472 26.519 26.542 26.592 26.624 26.675 26.683 26.715 26.722 26.734 26.748 26.788 26.794 26.831 26.846 26.864 26.904 26.971 27.01 27.041 27.084 27.108 27.147 27.177 27.207 27.229 27.238 27.256 27.283 27.302 27.332 27.324 27.326 27.308 27.355 27.342 27.325 27.344 27.329 27.35 27.376 27.382 27.374 27.41 27.441 27.502 27.542 27.566 27.607 27.665 27.773 27.875 28.011 28.237 28.509 29.047 29.103 29.005 28.971 28.903 28.864 28.879 28.699 27.69 27.104 27.079 26.957 26.918 26.899
26.32 26.367 26.395 26.469 26.511 26.54 26.565 26.603 26.634 26.664 26.663 26.69 26.678 26.697 26.726 26.75 26.769 26.806 26.806 26.822 26.892 26.94 26.986 27 27.045 27.085 27.128 27.151 27.165 27.162 27.214 27.226 27.245 27.27 27.28 27.277 27.28 27.313 27.326 27.295 27.304 27.311 27.326 27.351 27.368 27.37 27.391 27.401 27.472 27.504 27.553 27.603 27.651 27.733 27.848 27.948 28.216 28.574 29.113 29.124 29.025 28.962 28.92 28.861 28.861 28.821 27.853 26.973 27.055 26.942 26.914 26.885
26.346 26.379 26.386 26.451 26.489 26.527 26.54 26.585 26.584 26.615 26.611 26.652 26.643 26.66 26.66 26.673 26.689 26.744 26.738 26.784 26.829 26.881 26.909 26.935 26.984 27.008 27.089 27.073 27.113 27.129 27.173 27.181 27.208 27.224 27.249 27.238 27.241 27.265 27.282 27.272 27.275 27.289 27.31 27.318 27.348 27.354 27.379 27.401 27.475 27.513 27.546 27.573 27.643 27.692 27.851 27.884 28.173 28.504 28.959 29.108 29.058 28.977 28.963 28.859 28.819 28.741 28.045 26.675 26.896 26.985 26.93 26.887
