StarCarr/ta02801_DSM_2M.asc
ncols 500
nrows 1000
xllcorner    502000
yllcorner    480000
cellsize     2
NODATA_value -9999
[rows 576 to 607 of 1000, columns 288 to 359 of 500]
24.408 24.386 24.37 24.369 24.356 24.347 24.374 24.384 24.401 24.414 24.431 24.42 24.419 24.434 24.407 24.372 24.409 24.424 24.47 24.463 24.477 24.394 23.791 24.47 24.508 24.522 24.529 24.534 24.518 24.483 24.459 24.455 24.42 24.418 24.408 24.428 24.457 24.45 24.46 24.469 24.48 24.487 24.481 24.494 24.489 24.482 24.49 24.491 24.474 24.469 24.48 24.462 24.477 24.503 24.508 24.539 24.55 24.544 24.546 24.561 24.569 24.583 24.593 24.6 24.605 24.612 24.627 24.63 24.646 24.672 24.666 24.63
24.363 24.338 24.352 24.34 24.339 24.33 24.335 24.351 24.357 24.366 24.421 24.403 24.42 24.423 24.421 24.376 24.374 24.429 24.477 24.477 24.472 24.265 23.688 24.221 24.494 24.511 24.522 24.512 24.502 24.488 24.452 24.439 24.422 24.428 24.437 24.426 24.431 24.43 24.432 24.456 24.464 24.474 24.484 24.49 24.487 24.46 24.483 24.466 24.455 24.441 24.463 24.48 24.473 24.509 24.517 24.537 24.539 24.538 24.534 24.542 24.544 24.561 24.566 24.588 24.605 24.61 24.628 24.629 24.651 24.655 24.647 24.647
24.343 24.332 24.31 24.301 24.299 24.302 24.319 24.331 24.357 24.383 24.406 24.417 24.425 24.427 24.416 24.379 24.387 24.404 24.457 24.479 24.526 24.067 23.795 24.112 24.476 24.522 24.537 24.518 24.487 24.466 24.457 24.454 24.439 24.437 24.432 24.425 24.428 24.443 24.446 24.466 24.458 24.458 24.463 24.465 24.447 24.445 24.484 24.462 24.449 24.465 24.469 24.486 24.494 24.501 24.515 24.516 24.491 24.494 24.502 24.523 24.545 24.565 24.566 24.562 24.594 24.598 24.61 24.61 24.626 24.632 24.646 24.652
24.324 24.313 24.299 24.282 24.288 24.287 24.298 24.292 24.324 24.35 24.384 24.409 24.418 24.419 24.418 24.417 24.402 24.417 24.45 24.483 24.53 24.237 23.66 24.146 24.448 24.528 24.524 24.528 24.501 24.486 24.453 24.45 24.441 24.442 24.439 24.432 24.431 24.436 24.435 24.43 24.431 24.44 24.436 24.467 24.465 24.473 24.477 24.465 24.482 24.482 24.48 24.463 24.48 24.465 24.494 24.506 24.5 24.492 24.499 24.509 24.535 24.54 24.549 24.516 24.559 24.571 24.593 24.615 24.622 24.65 24.655 24.643
24.299 24.291 24.271 24.266 24.266 24.276 24.296 24.312 24.334 24.353 24.385 24.411 24.414 24.425 24.407 24.412 24.427 24.44 24.456 24.482 24.504 24.272 23.385 24.138 24.476 24.513 24.527 24.547 24.528 24.517 24.454 24.448 24.43 24.428 24.416 24.407 24.417 24.418 24.414 24.406 24.418 24.437 24.451 24.447 24.458 24.47 24.463 24.466 24.467 24.449 24.454 24.46 24.481 24.482 24.501 24.518 24.497 24.475 24.479 24.502 24.505 24.515 24.534 24.536 24.543 24.572 24.587 24.608 24.617 24.619 24.629 24.639
24.31 24.311 24.293 24.279 24.285 24.287 24.29 24.307 24.317 24.342 24.356 24.378 24.397 24.412 24.403 24.414 24.419 24.426 24.457 24.444 24.465 24.458 23.588 24.179 24.531 24.519 24.521 24.551 24.52 24.515 24.465 24.452 24.432 24.433 24.422 24.416 24.417 24.417 24.413 24.417 24.419 24.43 24.437 24.451 24.468 24.473 24.471 24.467 24.465 24.461 24.465 24.477 24.466 24.494 24.493 24.509 24.489 24.476 24.481 24.528 24.514 24.508 24.515 24.519 24.519 24.544 24.557 24.576 24.574 24.601 24.619 24.607
24.312 24.315 24.315 24.296 24.294 24.293 24.289 24.294 24.315 24.349 24.361 24.385 24.411 24.422 24.444 24.44 24.413 24.42 24.442 24.461 24.518 24.242 23.688 24.209 24.536 24.482 24.511 24.541 24.507 24.497 24.462 24.459 24.438 24.45 24.44 24.418 24.406 24.399 24.399 24.402 24.411 24.428 24.45 24.451 24.454 24.475 24.468 24.47 24.46 24.457 24.462 24.454 24.444 24.48 24.488 24.499 24.514 24.507 24.509 24.509 24.495 24.496 24.49 24.496 24.5 24.518 24.526 24.551 24.557 24.57 24.567 24.571
24.301 24.319 24.311 24.318 24.323 24.318 24.312 24.309 24.322 24.343 24.359 24.39 24.428 24.434 24.453 24.449 24.432 24.443 24.454 24.496 24.556 24.341 23.737 23.99 24.418 24.46 24.481 24.521 24.491 24.472 24.462 24.455 24.439 24.424 24.421 24.422 24.404 24.402 24.393 24.413 24.414 24.424 24.434 24.449 24.458 24.47 24.47 24.457 24.457 24.475 24.504 24.497 24.483 24.471 24.489 24.509 24.509 24.511 24.495 24.492 24.49 24.497 24.476 24.482 24.488 24.492 24.493 24.511 24.525 24.538 24.533 24.527
24.305 24.315 24.319 24.353 24.338 24.342 24.337 24.326 24.306 24.324 24.371 24.383 24.407 24.426 24.459 24.431 24.43 24.45 24.475 24.498 24.581 24.434 23.524 23.93 24.358 24.425 24.443 24.474 24.485 24.481 24.473 24.456 24.437 24.404 24.406 24.406 24.422 24.408 24.4 24.415 24.433 24.443 24.445 24.451 24.451 24.467 24.47 24.458 24.478 24.473 24.477 24.473 24.474 24.472 24.48 24.488 24.485 24.486 24.485 24.488 24.477 24.443 24.426 24.436 24.448 24.462 24.461 24.473 24.482 24.515 24.514 24.514
24.324 24.334 24.341 24.355 24.352 24.363 24.339 24.337 24.333 24.344 24.369 24.381 24.384 24.4 24.423 24.428 24.429 24.454 24.488 24.502 24.504 24.544 23.604 24.04 24.387 24.429 24.436 24.478 24.488 24.478 24.463 24.454 24.443 24.413 24.411 24.417 24.418 24.415 24.42 24.433 24.429 24.434 24.433 24.451 24.464 24.471 24.485 24.465 24.459 24.466 24.476 24.482 24.476 24.473 24.448 24.464 24.46 24.447 24.46 24.456 24.446 24.414 24.404 24.411 24.431 24.452 24.48 24.484 24.482 24.506 24.52 24.52
24.308 24.325 24.338 24.342 24.352 24.365 24.368 24.36 24.333 24.349 24.376 24.381 24.394 24.404 24.412 24.429 24.423 24.434 24.453 24.491 24.505 24.462 23.667 23.836 24.422 24.416 24.437 24.472 24.478 24.476 24.454 24.45 24.452 24.436 24.413 24.414 24.41 24.41 24.413 24.453 24.455 24.442 24.454 24.449 24.456 24.454 24.446 24.433 24.448 24.465 24.463 24.434 24.435 24.436 24.425 24.44 24.441 24.427 24.433 24.436 24.431 24.432 24.432 24.444 24.451 24.47 24.477 24.494 24.499 24.52 24.512 24.512
24.314 24.307 24.318 24.328 24.343 24.365 24.371 24.361 24.349 24.352 24.362 24.394 24.418 24.406 24.404 24.435 24.443 24.401 24.427 24.46 24.529 24.46 23.978 23.715 24.425 24.41 24.421 24.469 24.48 24.461 24.455 24.454 24.447 24.436 24.399 24.42 24.411 24.403 24.408 24.44 24.446 24.443 24.437 24.434 24.441 24.447 24.445 24.443 24.438 24.432 24.419 24.406 24.42 24.413 24.432 24.439 24.445 24.437 24.444 24.462 24.449 24.461 24.459 24.463 24.464 24.471 24.478 24.488 24.491 24.516 24.51 24.531
24.313 24.304 24.305 24.304 24.316 24.356 24.367 24.36 24.361 24.354 24.359 24.367 24.397 24.399 24.423 24.426 24.432 24.418 24.426 24.441 24.535 24.547 23.809 23.788 24.268 24.414 24.423 24.451 24.461 24.457 24.459 24.452 24.457 24.45 24.416 24.42 24.404 24.39 24.39 24.401 24.411 24.418 24.426 24.425 24.423 24.418 24.417 24.42 24.426 24.413 24.416 24.427 24.436 24.415 24.428 24.451 24.457 24.455 24.455 24.458 24.46 24.463 24.466 24.48 24.48 24.478 24.493 24.503 24.513 24.524 24.532 24.532
24.327 24.317 24.317 24.314 24.335 24.37 24.375 24.365 24.364 24.357 24.365 24.368 24.373 24.396 24.415 24.429 24.403 24.4 24.414 24.442 24.461 24.665 23.869 23.929 24.288 24.4 24.431 24.441 24.467 24.471 24.472 24.469 24.464 24.451 24.406 24.368 24.367 24.371 24.386 24.391 24.393 24.392 24.416 24.4 24.404 24.404 24.409 24.409 24.419 24.403 24.4 24.43 24.445 24.432 24.435 24.453 24.457 24.465 24.477 24.476 24.465 24.478 24.487 24.511 24.52 24.527 24.543 24.538 24.542 24.541 24.562 24.549
24.386 24.366 24.36 24.347 24.354 24.372 24.387 24.387 24.38 24.378 24.367 24.356 24.373 24.386 24.417 24.437 24.398 24.383 24.401 24.42 24.429 24.718 24.104 23.842 24.365 24.42 24.447 24.467 24.473 24.464 24.462 24.451 24.437 24.421 24.408 24.377 24.372 24.39 24.386 24.394 24.394 24.391 24.404 24.393 24.411 24.409 24.409 24.423 24.431 24.417 24.417 24.438 24.437 24.429 24.437 24.447 24.469 24.468 24.477 24.492 24.514 24.532 24.536 24.55 24.566 24.558 24.573 24.57 24.567 24.555 24.549 24.522
24.416 24.425 24.402 24.38 24.37 24.381 24.383 24.391 24.378 24.369 24.352 24.362 24.383 24.381 24.41 24.422 24.399 24.392 24.423 24.439 24.468 24.576 24.242 23.484 24.408 24.397 24.453 24.486 24.469 24.442 24.437 24.433 24.433 24.403 24.405 24.367 24.363 24.383 24.367 24.386 24.386 24.391 24.435 24.435 24.434 24.451 24.443 24.436 24.436 24.43 24.428 24.423 24.422 24.426 24.457 24.462 24.472 24.491 24.508 24.518 24.541 24.544 24.545 24.553 24.559 24.556 24.556 24.572 24.547 24.534 24.516 24.481
24.464 24.442 24.435 24.414 24.407 24.414 24.418 24.406 24.395 24.378 24.364 24.353 24.366 24.376 24.408 24.416 24.397 24.401 24.422 24.431 24.484 24.595 24.143 23.561 24.243 24.407 24.436 24.479 24.464 24.428 24.427 24.431 24.426 24.4 24.393 24.384 24.371 24.374 24.373 24.396 24.42 24.42 24.432 24.438 24.444 24.447 24.438 24.436 24.438 24.437 24.456 24.462 24.432 24.447 24.478 24.501 24.491 24.535 24.524 24.522 24.534 24.529 24.548 24.53 24.535 24.548 24.553 24.562 24.571 24.576 24.54 24.515
24.575 24.491 24.445 24.429 24.433 24.426 24.44 24.442 24.425 24.402 24.405 24.384 24.4 24.383 24.41 24.434 24.411 24.405 24.416 24.419 24.442 24.662 24.157 23.778 24.099 24.395 24.441 24.447 24.461 24.435 24.443 24.43 24.421 24.4 24.393 24.38 24.389 24.387 24.402 24.393 24.41 24.429 24.435 24.437 24.442 24.462 24.456 24.462 24.473 24.467 24.47 24.467 24.464 24.479 24.482 24.479 24.489 24.515 24.495 24.498 24.494 24.505 24.517 24.55 24.572 24.622 24.656 24.673 24.676 24.821 24.706 24.626
24.683 24.624 24.524 24.448 24.445 24.452 24.466 24.472 24.46 24.443 24.433 24.428 24.414 24.397 24.407 24.406 24.405 24.4 24.41 24.412 24.444 24.579 23.989 23.63 24.101 24.397 24.457 24.462 24.466 24.448 24.457 24.432 24.408 24.403 24.4 24.384 24.374 24.393 24.399 24.394 24.427 24.444 24.458 24.456 24.454 24.479 24.465 24.454 24.457 24.458 24.475 24.465 24.458 24.455 24.456 24.446 24.443 24.476 24.475 24.507 24.537 24.58 24.695 24.75 24.703 24.651 24.671 24.655 24.719 24.855 24.82 24.8
24.564 24.777 25.057 24.567 24.498 24.469 24.44 24.487 24.493 24.476 24.454 24.44 24.431 24.415 24.394 24.387 24.38 24.384 24.38 24.383 24.414 24.587 24.34 23.624 24.298 24.39 24.457 24.458 24.47 24.455 24.449 24.432 24.397 24.413 24.414 24.394 24.388 24.39 24.399 24.41 24.432 24.443 24.454 24.454 24.451 24.449 24.456 24.455 24.451 24.455 24.454 24.442 24.442 24.445 24.432 24.455 24.506 24.553 24.608 24.663 24.705 24.808 25.015 25.33 24.862 24.676 24.661 24.826 24.934 24.82 24.789 24.838
24.61 25.055 26.389 24.668 24.661 24.731 24.52 24.506 24.501 24.506 24.481 24.463 24.46 24.418 24.391 24.355 24.347 24.343 24.359 24.389 24.457 24.682 24.74 23.572 24.204 24.44 24.46 24.475 24.465 24.451 24.463 24.449 24.416 24.427 24.436 24.435 24.426 24.425 24.413 24.418 24.433 24.433 24.442 24.463 24.474 24.439 24.439 24.444 24.425 24.419 24.411 24.427 24.465 24.477 24.534 24.59 24.698 24.823 24.676 24.663 24.661 24.72 24.768 24.827 24.871 24.876 24.814 24.946 25.02 24.76 24.822 24.793
24.877 24.888 24.855 24.684 24.718 25.108 24.906 24.667 24.573 24.563 24.525 24.477 24.458 24.421 24.387 24.34 24.32 24.317 24.33 24.35 24.448 24.669 24.503 23.738 24.162 24.455 24.467 24.486 24.485 24.468 24.475 24.472 24.457 24.449 24.455 24.446 24.451 24.441 24.428 24.419 24.443 24.451 24.435 24.448 24.44 24.419 24.398 24.4 24.413 24.428 24.458 24.56 24.702 24.768 24.771 24.691 24.671 24.737 24.721 24.564 24.788 24.759 24.795 24.881 24.869 24.824 24.849 24.986 24.904 24.866 24.695 24.679
24.954 24.977 24.998 24.98 24.835 24.853 24.879 24.782 24.697 24.679 24.634 24.522 24.468 24.445 24.39 24.348 24.324 24.318 24.333 24.379 24.483 24.593 24.31 23.808 24.038 24.455 24.49 24.477 24.492 24.463 24.468 24.482 24.481 24.474 24.46 24.454 24.472 24.446 24.42 24.422 24.419 24.42 24.417 24.43 24.424 24.422 24.419 24.438 24.454 24.516 24.551 24.577 24.6 24.799 25.229 24.613 24.616 24.806 25.288 24.689 24.7 24.697 24.781 24.878 24.91 24.768 24.699 24.691 24.732 24.736 24.623 24.624
25.024 24.974 25.047 25.011 24.959 24.882 24.791 24.643 24.625 24.738 24.71 24.659 24.604 24.492 24.441 24.389 24.359 24.357 24.383 24.46 24.518 24.573 24.334 23.671 24.142 24.436 24.502 24.515 24.51 24.493 24.485 24.483 24.493 24.505 24.482 24.459 24.459 24.433 24.407 24.421 24.396 24.392 24.404 24.42 24.459 24.549 24.422 24.395 24.435 24.507 24.483 24.49 24.476 24.605 24.721 24.713 24.755 24.742 24.733 24.683 24.686 24.694 24.707 24.805 24.831 24.722 24.676 24.664 24.675 24.617 24.593 24.648
24.996 24.977 25.001 24.955 24.978 24.926 24.854 24.735 24.689 24.613 24.62 24.678 24.64 24.596 24.502 24.479 24.441 24.466 24.509 24.576 24.635 24.619 24.432 23.577 24.127 24.486 24.525 24.545 24.55 24.524 24.517 24.518 24.498 24.502 24.473 24.468 24.46 24.43 24.416 24.439 24.442 24.422 24.44 24.426 24.626 25.301 24.425 24.428 24.411 24.465 24.557 24.577 24.513 24.534 24.686 24.684 24.662 24.673 24.688 24.674 24.68 24.647 24.666 24.68 24.661 24.718 24.742 24.722 24.709 24.6 24.557 24.549
24.936 24.892 24.894 24.871 24.928 24.865 24.807 24.855 24.908 24.627 24.585 24.558 24.372 24.485 24.569 24.578 24.552 24.519 24.544 24.61 24.679 24.733 24.268 23.577 24.005 24.557 24.582 24.614 24.607 24.567 24.541 24.525 24.517 24.506 24.498 24.487 24.498 24.493 24.513 24.504 24.468 24.425 24.39 24.331 24.338 24.842 24.567 24.559 24.504 24.49 24.583 24.611 24.542 24.594 24.732 24.783 24.702 24.709 24.634 24.676 24.731 24.672 24.681 24.68 24.685 24.719 24.737 24.761 24.63 24.568 24.586 24.54
24.836 24.786 24.806 24.774 24.829 24.759 24.829 24.829 24.824 24.791 24.748 24.631 24.451 24.395 24.482 24.562 24.54 24.568 24.614 24.661 24.643 24.791 24.356 23.654 23.925 24.652 24.665 24.66 24.641 24.62 24.57 24.555 24.571 24.584 24.57 24.604 24.655 24.481 24.56 24.491 24.36 24.312 24.508 24.627 24.546 24.503 24.535 24.513 24.709 24.968 24.705 24.627 24.515 24.676 24.705 24.781 24.735 24.71 24.743 24.779 24.828 24.679 24.668 24.66 24.678 24.627 24.606 24.638 24.627 24.641 24.696 24.531
24.75 24.743 25.445 24.885 24.729 24.772 24.858 24.849 24.84 24.829 24.761 24.774 24.674 24.607 24.599 24.649 24.624 24.623 24.616 24.657 24.697 24.786 24.5 23.56 24.147 24.771 24.753 24.721 24.739 24.675 24.617 24.649 24.667 24.651 24.56 24.529 24.515 24.499 24.572 24.585 24.457 24.493 24.64 24.616 24.559 24.49 24.465 24.533 24.844 25.109 24.671 24.68 24.576 24.652 24.639 24.717 24.722 24.717 24.701 24.705 24.758 24.644 24.745 24.727 24.784 24.73 24.712 24.781 24.712 24.707 24.788 24.623
24.722 24.654 24.869 24.645 24.628 24.779 24.845 24.894 24.901 24.846 24.744 24.718 24.656 24.643 24.656 24.697 24.692 24.55 24.527 24.625 24.724 24.958 24.89 23.839 24.059 24.708 24.872 24.834 24.807 24.693 24.526 24.469 24.569 24.65 24.633 24.662 24.83 25.059 25.214 25.174 24.948 24.886 25.304 24.675 24.553 24.521 24.438 24.493 24.878 24.783 24.617 24.627 24.574 24.544 24.593 24.626 24.564 24.636 24.654 24.625 24.727 24.689 24.773 24.798 24.802 24.775 24.834 24.834 24.713 24.706 24.731 24.669
24.677 24.59 24.561 24.548 24.624 24.668 24.683 24.69 24.729 24.769 24.722 24.652 24.633 24.608 24.643 24.702 24.651 24.567 24.506 24.484 24.693 24.798 24.642 23.691 23.808 24.604 24.952 24.908 24.798 24.685 24.62 24.601 24.685 24.782 24.743 24.725 24.937 25.446 25.806 25.801 25.172 24.685 24.65 24.51 24.46 24.486 24.406 24.479 24.862 24.651 24.563 24.638 24.707 24.661 24.67 24.653 24.515 24.551 24.607 24.586 24.67 24.648 24.711 24.698 24.717 24.666 24.647 24.68 24.661 24.843 25.176 24.634
24.691 24.552 24.546 24.563 24.58 24.477 24.377 24.396 24.581 24.676 24.548 24.53 24.605 24.645 24.637 24.595 24.589 24.672 24.594 24.626 25.1 24.793 24.432 24.034 23.733 24.664 24.928 24.91 24.928 24.845 24.827 24.677 24.662 24.688 24.669 24.681 24.784 25.255 25.6 25.729 24.649 24.52 24.466 24.439 24.428 24.468 24.462 24.503 24.518 24.45 24.497 24.608 24.683 24.784 24.711 24.612 24.538 24.571 24.557 24.519 24.576 24.603 24.624 24.61 24.649 24.581 24.554 24.385 24.289 24.612 29.823 25.277
24.792 24.679 24.638 24.554 24.466 24.4 24.459 24.404 24.459 24.478 24.387 24.428 24.32 24.398 24.55 24.563 24.59 24.612 24.593 24.62 24.728 24.625 24.467 24.137 23.846 24.628 24.941 24.939 24.999 24.909 24.793 24.681 24.703 24.683 24.585 24.616 24.629 24.704 24.991 24.803 24.636 24.567 24.537 24.487 24.443 24.499 24.613 24.573 24.501 24.556 24.588 24.625 24.638 24.652 24.633 24.562 24.536 24.58 24.504 24.449 24.414 24.421 24.183 24.155 24.178 23.658 23.674 23.572 23.512 23.823 24.708 24.334
