StarCarr/ta0281_DSM_2M.asc
ncols 500
nrows 500
xllcorner    502000
yllcorner    481000
cellsize     2
NODATA_value -9999
[rows 384 to 415 of 500, columns 288 to 359 of 500]
26.098 26.076 26.073 26.048 26.007 25.996 26 25.989 25.972 25.956 25.94 25.934 25.933 25.888 25.895 25.871 25.887 25.894 25.89 25.86 25.883 25.879 25.869 25.883 25.918 25.982 26.048 26.055 26.061 26.129 26.175 26.208 26.242 26.267 26.307 26.331 26.41 26.482 26.577 26.665 26.742 26.823 26.887 26.934 26.937 26.937 26.933 26.923 26.897 26.859 26.783 26.698 26.606 26.494 26.38 26.216 26.119 25.981 25.93 25.864 25.81 25.753 25.714 25.683 25.679 25.693 25.716 25.742 25.763 25.834 25.902 25.964
26.111 26.099 26.101 26.076 26.058 26.04 26.037 26.019 26.02 26.021 26.021 26.003 25.993 25.95 25.933 25.936 25.949 25.927 25.954 25.931 25.951 25.948 25.939 25.97 26.007 26.05 26.095 26.112 26.118 26.146 26.185 26.204 26.242 26.29 26.34 26.395 26.471 26.544 26.597 26.713 26.808 26.885 26.928 26.973 26.981 26.979 26.998 26.971 26.904 26.863 26.778 26.661 26.559 26.405 26.302 26.143 26.065 25.957 25.893 25.851 25.778 25.736 25.68 25.661 25.661 25.667 25.689 25.701 25.722 25.775 25.861 25.91
26.123 26.139 26.137 26.12 26.109 26.104 26.091 26.087 26.087 26.077 26.083 26.067 26.055 26.02 26.018 26.005 26.004 26.019 26.008 26.021 26.02 26.032 26.022 26.051 26.067 26.082 26.103 26.133 26.149 26.177 26.199 26.236 26.266 26.312 26.347 26.435 26.484 26.607 26.644 26.757 26.787 26.881 26.959 27.025 27.048 27.036 27.025 26.986 26.937 26.834 26.78 26.62 26.517 26.357 26.252 26.128 26.022 25.922 25.823 25.809 25.736 25.687 25.65 25.636 25.624 25.629 25.646 25.654 25.665 25.7 25.829 25.85
26.17 26.182 26.179 26.199 26.173 26.152 26.152 26.148 26.141 26.117 26.14 26.108 26.106 26.105 26.07 26.063 26.071 26.069 26.051 26.067 26.055 26.055 26.055 26.084 26.117 26.121 26.139 26.165 26.166 26.174 26.204 26.255 26.266 26.335 26.359 26.435 26.519 26.64 26.711 26.767 26.857 26.934 27.004 27.05 27.07 27.06 27.052 26.988 26.93 26.835 26.725 26.602 26.444 26.338 26.209 26.103 25.976 25.907 25.781 25.726 25.687 25.663 25.638 25.609 25.586 25.586 25.601 25.616 25.661 25.685 25.763 25.804
26.218 26.236 26.221 26.209 26.198 26.198 26.224 26.188 26.213 26.191 26.179 26.154 26.147 26.131 26.096 26.098 26.095 26.085 26.103 26.114 26.089 26.093 26.095 26.104 26.137 26.161 26.163 26.159 26.161 26.157 26.198 26.236 26.281 26.354 26.406 26.484 26.574 26.677 26.776 26.829 26.901 26.969 27.051 27.073 27.084 27.074 27.037 26.982 26.891 26.818 26.704 26.571 26.412 26.297 26.142 26.043 25.921 25.868 25.791 25.716 25.674 25.645 25.624 25.601 25.58 25.581 25.57 25.578 25.619 25.676 25.722 25.76
26.265 26.282 26.255 26.268 26.254 26.247 26.257 26.235 26.236 26.218 26.214 26.2 26.191 26.191 26.137 26.15 26.144 26.161 26.151 26.154 26.134 26.133 26.129 26.136 26.133 26.157 26.151 26.175 26.176 26.186 26.229 26.282 26.337 26.41 26.474 26.533 26.625 26.688 26.813 26.847 26.956 27.027 27.072 27.07 27.074 27.062 27.031 26.999 26.896 26.85 26.677 26.568 26.37 26.258 26.116 26.006 25.903 25.811 25.76 25.689 25.643 25.642 25.635 25.59 25.573 25.56 25.566 25.563 25.581 25.655 25.7 25.732
26.315 26.307 26.299 26.291 26.277 26.263 26.274 26.26 26.266 26.261 26.273 26.261 26.275 26.226 26.214 26.203 26.2 26.19 26.183 26.156 26.137 26.134 26.122 26.097 26.125 26.163 26.168 26.173 26.17 26.224 26.265 26.316 26.403 26.443 26.52 26.564 26.667 26.715 26.824 26.874 26.96 27.018 27.079 27.107 27.098 27.095 27.03 26.985 26.908 26.827 26.655 26.534 26.367 26.207 26.088 25.976 25.875 25.784 25.751 25.695 25.684 25.672 25.65 25.614 25.584 25.555 25.566 25.559 25.586 25.646 25.68 25.705
26.292 26.302 26.291 26.308 26.303 26.315 26.31 26.306 26.312 26.315 26.308 26.281 26.277 26.267 26.259 26.248 26.228 26.195 26.202 26.189 26.15 26.142 26.127 26.089 26.123 26.178 26.188 26.201 26.236 26.274 26.329 26.384 26.45 26.497 26.553 26.629 26.702 26.774 26.858 26.922 26.999 27.068 27.081 27.104 27.088 27.064 27.022 26.947 26.859 26.744 26.655 26.476 26.374 26.18 26.112 25.959 25.895 25.796 25.733 25.678 25.653 25.637 25.623 25.616 25.607 25.58 25.561 25.571 25.619 25.675 25.694 25.682
26.318 26.323 26.321 26.322 26.326 26.327 26.327 26.331 26.323 26.303 26.318 26.314 26.297 26.304 26.303 26.291 26.251 26.24 26.233 26.208 26.172 26.166 26.153 26.157 26.17 26.197 26.218 26.249 26.262 26.307 26.372 26.436 26.514 26.564 26.645 26.711 26.772 26.826 26.88 26.943 26.983 27.032 27.058 27.092 27.074 27.036 26.998 26.903 26.816 26.706 26.619 26.446 26.346 26.177 26.07 25.911 25.858 25.782 25.738 25.677 25.642 25.63 25.614 25.608 25.599 25.574 25.56 25.578 25.639 25.669 25.701 25.687
26.324 26.313 26.32 26.305 26.314 26.324 26.348 26.332 26.312 26.327 26.328 26.32 26.319 26.332 26.326 26.306 26.275 26.258 26.246 26.238 26.222 26.206 26.186 26.209 26.208 26.214 26.237 26.266 26.32 26.381 26.455 26.544 26.581 26.653 26.702 26.76 26.811 26.854 26.897 26.954 27 27.044 27.067 27.071 27.079 27.029 26.978 26.874 26.772 26.644 26.559 26.426 26.308 26.175 26.082 25.957 25.857 25.776 25.704 25.67 25.631 25.612 25.602 25.596 25.569 25.596 25.583 25.613 25.667 25.685 25.71 25.707
26.275 26.298 26.333 26.304 26.324 26.335 26.327 26.315 26.304 26.298 26.318 26.323 26.32 26.33 26.341 26.327 26.303 26.295 26.284 26.258 26.228 26.226 26.201 26.23 26.245 26.264 26.291 26.341 26.388 26.452 26.499 26.575 26.644 26.702 26.754 26.824 26.867 26.907 26.945 26.974 27.023 27.063 27.076 27.05 27.027 26.993 26.912 26.847 26.734 26.609 26.491 26.378 26.24 26.16 25.998 25.929 25.824 25.755 25.692 25.668 25.626 25.592 25.586 25.593 25.615 25.622 25.637 25.639 25.7 25.706 25.746 25.72
26.282 26.313 26.329 26.317 26.291 26.298 26.297 26.303 26.309 26.311 26.319 26.346 26.348 26.355 26.34 26.33 26.319 26.306 26.279 26.281 26.267 26.261 26.254 26.258 26.28 26.297 26.334 26.387 26.416 26.501 26.555 26.646 26.709 26.745 26.813 26.88 26.933 26.966 26.988 27.021 27.06 27.085 27.08 27.059 27.039 26.99 26.867 26.811 26.672 26.563 26.442 26.365 26.185 26.153 25.973 25.911 25.818 25.777 25.703 25.648 25.603 25.579 25.605 25.602 25.649 25.653 25.686 25.661 25.707 25.724 25.726 25.687
26.253 26.285 26.288 26.293 26.279 26.302 26.313 26.311 26.298 26.304 26.304 26.304 26.336 26.341 26.337 26.317 26.335 26.332 26.314 26.328 26.305 26.305 26.3 26.297 26.311 26.346 26.365 26.413 26.462 26.548 26.634 26.707 26.763 26.836 26.878 26.928 26.988 27.031 27.065 27.082 27.082 27.089 27.085 27.034 26.967 26.911 26.828 26.757 26.635 26.54 26.435 26.342 26.187 26.105 25.999 25.923 25.837 25.767 25.707 25.64 25.609 25.575 25.631 25.644 25.661 25.661 25.669 25.676 25.723 25.721 25.711 25.663
26.231 26.272 26.266 26.279 26.277 26.299 26.283 26.294 26.29 26.296 26.301 26.322 26.351 26.348 26.369 26.374 26.361 26.356 26.354 26.361 26.36 26.357 26.356 26.337 26.358 26.388 26.399 26.464 26.534 26.6 26.675 26.745 26.847 26.896 26.945 26.995 27.05 27.07 27.099 27.112 27.099 27.076 27.054 27.012 26.96 26.884 26.817 26.716 26.629 26.515 26.424 26.292 26.201 26.094 26.038 25.958 25.872 25.802 25.748 25.71 25.661 25.623 25.614 25.647 25.653 25.676 25.639 25.668 25.677 25.683 25.687 25.66
26.2 26.229 26.248 26.25 26.267 26.29 26.274 26.314 26.314 26.304 26.306 26.324 26.355 26.366 26.387 26.397 26.406 26.415 26.405 26.441 26.446 26.417 26.415 26.407 26.419 26.433 26.461 26.513 26.58 26.63 26.724 26.779 26.885 26.938 26.999 27.034 27.09 27.124 27.135 27.146 27.141 27.108 27.081 27.022 26.985 26.896 26.817 26.708 26.63 26.542 26.417 26.347 26.248 26.183 26.096 25.96 25.898 25.811 25.756 25.723 25.683 25.71 25.609 25.662 25.642 25.684 25.643 25.663 25.648 25.683 25.66 25.632
26.193 26.218 26.251 26.255 26.266 26.261 26.246 26.268 26.287 26.288 26.301 26.335 26.379 26.4 26.427 26.447 26.482 26.473 26.497 26.489 26.501 26.503 26.468 26.488 26.482 26.514 26.534 26.562 26.636 26.703 26.799 26.877 26.994 26.998 27.082 27.118 27.163 27.209 27.197 27.212 27.191 27.153 27.103 27.017 26.974 26.885 26.791 26.71 26.595 26.549 26.434 26.331 26.266 26.175 26.111 26.057 25.919 25.877 25.773 25.743 25.712 25.715 25.669 25.651 25.641 25.672 25.63 25.625 25.653 25.695 25.636 25.593
26.208 26.193 26.237 26.239 26.241 26.236 26.254 26.276 26.322 26.325 26.355 26.373 26.431 26.478 26.5 26.508 26.527 26.531 26.585 26.56 26.577 26.561 26.554 26.563 26.566 26.588 26.607 26.661 26.696 26.756 26.856 26.929 27.018 27.071 27.161 27.188 27.223 27.266 27.242 27.241 27.223 27.146 27.086 27.018 26.93 26.901 26.744 26.706 26.59 26.57 26.439 26.375 26.29 26.235 26.134 26.084 25.994 25.923 25.865 25.799 25.748 25.694 25.671 25.613 25.637 25.62 25.629 25.612 25.648 25.649 25.601 25.548
26.161 26.151 26.185 26.215 26.26 26.256 26.279 26.296 26.349 26.323 26.374 26.4 26.452 26.486 26.563 26.56 26.565 26.587 26.601 26.621 26.615 26.616 26.599 26.646 26.636 26.654 26.669 26.703 26.793 26.865 26.938 26.965 27.06 27.146 27.211 27.25 27.242 27.3 27.284 27.261 27.225 27.185 27.075 27.012 26.909 26.878 26.769 26.709 26.609 26.556 26.468 26.427 26.382 26.31 26.245 26.137 26.082 25.972 25.919 25.841 25.807 25.733 25.665 25.578 25.641 25.564 25.602 25.585 25.64 25.6 25.595 25.536
26.137 26.186 26.221 26.245 26.256 26.254 26.297 26.289 26.348 26.343 26.459 26.456 26.519 26.521 26.585 26.59 26.63 26.634 26.661 26.69 26.678 26.66 26.69 26.702 26.706 26.721 26.729 26.798 26.848 26.909 26.991 27.035 27.1 27.192 27.234 27.329 27.33 27.344 27.35 27.313 27.292 27.21 27.104 27.068 26.924 26.89 26.789 26.73 26.705 26.589 26.574 26.48 26.421 26.339 26.274 26.199 26.127 26.021 25.936 25.888 25.814 25.697 25.674 25.594 25.606 25.559 25.534 25.574 25.591 25.569 25.555 25.519
26.122 26.191 26.198 26.232 26.238 26.293 26.306 26.351 26.37 26.403 26.435 26.497 26.527 26.558 26.604 26.634 26.655 26.686 26.7 26.731 26.721 26.77 26.739 26.721 26.744 26.753 26.805 26.844 26.919 26.974 27.022 27.106 27.176 27.263 27.305 27.357 27.39 27.395 27.397 27.377 27.33 27.245 27.131 27.072 27.001 26.931 26.876 26.795 26.783 26.669 26.659 26.553 26.547 26.466 26.4 26.288 26.189 26.069 25.985 25.902 25.817 25.733 25.688 25.673 25.592 25.564 25.521 25.529 25.597 25.571 25.512 25.506
26.11 26.171 26.205 26.266 26.264 26.323 26.352 26.394 26.38 26.442 26.487 26.542 26.563 26.593 26.629 26.66 26.693 26.746 26.736 26.744 26.718 26.765 26.755 26.773 26.802 26.824 26.882 26.919 26.981 27.03 27.124 27.162 27.246 27.345 27.386 27.407 27.473 27.475 27.479 27.418 27.352 27.294 27.203 27.079 27.054 26.958 26.928 26.838 26.827 26.734 26.732 26.64 26.618 26.561 26.476 26.371 26.266 26.141 26.02 25.921 25.853 25.823 25.705 25.677 25.575 25.56 25.471 25.513 25.549 25.578 25.486 25.464
26.146 26.197 26.241 26.295 26.306 26.345 26.372 26.429 26.412 26.498 26.524 26.61 26.593 26.672 26.66 26.698 26.712 26.75 26.727 26.792 26.745 26.77 26.775 26.812 26.847 26.871 26.909 26.958 27.025 27.081 27.167 27.235 27.307 27.388 27.491 27.483 27.528 27.502 27.523 27.492 27.407 27.359 27.25 27.157 27.083 26.999 26.985 26.903 26.916 26.827 26.775 26.757 26.681 26.607 26.53 26.46 26.345 26.212 26.077 25.965 25.89 25.823 25.683 25.633 25.542 25.554 25.486 25.567 25.551 25.56 25.486 25.458
26.18 26.225 26.279 26.3 26.366 26.416 26.439 26.474 26.495 26.545 26.572 26.633 26.655 26.688 26.72 26.758 26.721 26.766 26.766 26.784 26.811 26.811 26.838 26.833 26.871 26.895 26.961 27.013 27.048 27.108 27.189 27.278 27.341 27.435 27.528 27.562 27.6 27.571 27.558 27.549 27.446 27.371 27.285 27.197 27.148 27.06 27.013 26.993 26.933 26.931 26.853 26.86 26.783 26.739 26.629 26.577 26.403 26.298 26.117 26.031 25.889 25.797 25.693 25.593 25.552 25.498 25.475 25.516 25.522 25.523 25.472 25.433
26.189 26.257 26.334 26.372 26.427 26.446 26.506 26.535 26.569 26.582 26.645 26.652 26.705 26.743 26.744 26.762 26.807 26.783 26.829 26.814 26.837 26.827 26.861 26.871 26.905 26.947 27.013 27.061 27.086 27.172 27.252 27.341 27.404 27.463 27.556 27.6 27.64 27.68 27.611 27.594 27.484 27.404 27.29 27.22 27.137 27.118 27.056 27.071 27.008 27.009 26.946 26.945 26.844 26.782 26.688 26.587 26.471 26.317 26.205 26.037 25.91 25.796 25.714 25.56 25.513 25.445 25.46 25.467 25.534 25.497 25.484 25.402
26.22 26.304 26.382 26.436 26.478 26.492 26.549 26.561 26.666 26.665 26.698 26.714 26.756 26.757 26.792 26.802 26.826 26.813 26.856 26.838 26.885 26.86 26.884 26.918 26.946 26.981 27.021 27.069 27.128 27.227 27.319 27.38 27.472 27.529 27.587 27.618 27.627 27.679 27.602 27.587 27.524 27.41 27.363 27.277 27.192 27.148 27.1 27.105 27.058 27.06 27.008 26.966 26.927 26.808 26.734 26.622 26.535 26.351 26.226 26.079 25.934 25.808 25.75 25.598 25.556 25.432 25.441 25.464 25.548 25.466 25.489 25.401
26.313 26.378 26.421 26.482 26.563 26.555 26.595 26.647 26.715 26.718 26.775 26.785 26.837 26.815 26.86 26.839 26.873 26.84 26.886 26.855 26.892 26.89 26.923 26.946 26.972 27.035 27.038 27.113 27.14 27.269 27.334 27.41 27.481 27.546 27.608 27.639 27.639 27.654 27.617 27.573 27.523 27.421 27.356 27.279 27.215 27.166 27.13 27.105 27.08 27.048 27.027 26.991 26.997 26.834 26.754 26.625 26.574 26.355 26.262 26.053 25.943 25.784 25.706 25.572 25.516 25.427 25.425 25.476 25.496 25.451 25.431 25.386
26.379 26.451 26.479 26.566 26.605 26.654 26.67 26.735 26.756 26.805 26.827 26.862 26.889 26.892 26.877 26.885 26.881 26.89 26.879 26.916 26.937 26.955 26.955 26.973 26.998 27.032 27.077 27.144 27.188 27.261 27.327 27.397 27.511 27.532 27.623 27.654 27.639 27.674 27.643 27.57 27.581 27.439 27.402 27.268 27.219 27.186 27.144 27.073 27.055 27.036 27.072 26.976 26.971 26.813 26.75 26.616 26.54 26.343 26.226 26.041 25.919 25.834 25.69 25.605 25.492 25.435 25.412 25.481 25.487 25.461 25.404 25.403
26.465 26.569 26.553 26.663 26.666 26.715 26.722 26.806 26.808 26.882 26.858 26.929 26.898 26.938 26.911 26.946 26.922 26.954 26.944 26.975 26.956 27.003 26.975 26.984 26.973 27.041 27.085 27.13 27.213 27.27 27.393 27.403 27.517 27.562 27.619 27.676 27.674 27.665 27.649 27.554 27.569 27.429 27.381 27.324 27.222 27.192 27.136 27.084 27.079 27.029 27.012 26.95 26.908 26.81 26.709 26.656 26.496 26.351 26.192 26.045 25.888 25.798 25.663 25.61 25.475 25.438 25.4 25.465 25.446 25.454 25.374 25.4
26.545 26.577 26.622 26.709 26.721 26.773 26.784 26.853 26.872 26.93 26.938 26.975 26.943 26.978 26.952 26.983 26.964 26.998 26.962 26.979 26.964 27.005 26.997 26.988 27.019 27.049 27.11 27.12 27.206 27.248 27.351 27.439 27.531 27.577 27.595 27.607 27.635 27.629 27.638 27.545 27.516 27.43 27.33 27.304 27.239 27.157 27.119 27.069 27.033 26.994 26.971 26.939 26.83 26.783 26.637 26.572 26.434 26.316 26.175 26.067 25.916 25.834 25.667 25.621 25.457 25.42 25.416 25.471 25.445 25.441 25.377 25.397
26.6 26.617 26.665 26.709 26.78 26.802 26.889 26.934 26.937 26.939 26.988 26.955 26.99 27 26.994 26.997 27.004 27.003 27.012 27.004 27.017 27.009 27.03 27.007 27.055 27.05 27.141 27.15 27.195 27.211 27.314 27.415 27.473 27.55 27.563 27.617 27.647 27.627 27.616 27.549 27.489 27.471 27.326 27.311 27.227 27.167 27.115 27.069 27.016 26.957 26.889 26.891 26.771 26.763 26.609 26.568 26.404 26.299 26.132 26.016 25.872 25.797 25.706 25.625 25.527 25.411 25.399 25.479 25.455 25.414 25.375 25.347
26.627 26.68 26.735 26.77 26.842 26.861 26.932 26.927 27.002 26.976 27.02 27.007 27.039 27.018 27.065 27.02 27.066 27.026 27.064 27.005 27.05 26.997 27.03 26.968 27.024 27.084 27.144 27.128 27.191 27.237 27.301 27.416 27.453 27.53 27.56 27.601 27.636 27.619 27.59 27.579 27.465 27.428 27.332 27.286 27.246 27.158 27.082 27.023 26.952 26.956 26.893 26.853 26.726 26.675 26.572 26.507 26.357 26.259 26.128 25.99 25.913 25.793 25.765 25.628 25.539 25.408 25.446 25.465 25.492 25.388 25.376 25.353
26.679 26.71 26.805 26.832 26.888 26.908 26.951 26.945 26.981 27.009 27.051 27.058 27.073 27.05 27.086 27.048 27.08 27.027 27.075 27.004 27.026 26.993 26.99 26.977 27.045 27.088 27.117 27.164 27.195 27.267 27.312 27.408 27.441 27.529 27.565 27.574 27.571 27.596 27.549 27.564 27.459 27.407 27.332 27.236 27.223 27.145 27.097 27.032 26.956 26.918 26.851 26.774 26.725 26.674 26.58 26.463 26.379 26.239 26.152 25.998 25.907 25.824 25.787 25.647 25.571 25.414 25.479 25.467 25.491 25.372 25.379 25.397
