StarCarr/ta0280_DSM_2M.asc
ncols 500
nrows 500
xllcorner    502000
yllcorner    480000
cellsize     2
NODATA_value -9999
[rows 320 to 351 of 500, columns 288 to 359 of 500]
25.949 25.983 25.982 25.875 25.824 25.763 25.721 25.808 26.092 26.097 26.398 26.045 25.853 25.799 25.758 25.804 25.926 25.808 25.736 25.526 25.483 25.519 25.388 25.306 25.566 25.722 25.71 25.606 25.517 25.632 25.795 25.572 25.626 25.687 25.721 25.58 25.602 25.608 25.532 25.543 25.529 25.49 25.523 25.38 25.105 25.426 25.226 25.191 25.181 25.211 25.206 25.205 25.183 25.16 25.181 25.29 25.395 25.391 25.427 25.435 25.453 25.478 25.536 25.523 25.565 25.626 25.643 25.824 26.083 26.341 26.479 26.601
25.953 25.985 25.977 25.926 25.967 25.929 25.839 25.842 25.931 25.969 26.122 26.106 25.921 25.781 25.854 25.804 25.844 25.77 25.794 25.588 25.499 25.607 25.517 25.399 25.577 25.716 25.749 25.626 25.52 25.584 25.676 25.583 25.563 25.618 25.636 25.602 25.619 25.652 25.565 25.592 25.549 25.511 25.549 25.465 25.106 24.678 24.932 25.287 25.21 25.181 25.192 25.207 25.191 25.176 25.191 25.252 25.366 25.414 25.461 25.465 25.474 25.508 25.556 25.552 25.575 25.669 25.694 25.783 26.059 26.293 26.491 26.628
25.991 26.013 25.978 25.933 25.92 25.945 25.856 25.788 25.848 25.945 25.904 25.854 25.846 25.972 26.568 25.963 25.828 25.789 25.726 25.613 25.571 25.679 25.618 25.533 25.511 25.619 25.647 25.514 25.544 25.525 25.601 25.683 25.595 25.604 25.629 25.631 25.691 25.751 25.687 25.61 25.604 25.502 25.494 25.441 25.159 24.71 24.772 25.272 25.267 25.188 25.185 25.202 25.2 25.193 25.189 25.236 25.348 25.425 25.422 25.47 25.469 25.522 25.569 25.582 25.579 25.66 25.715 25.764 25.977 26.317 26.507 26.632
26.186 26.095 26.053 25.948 25.912 25.88 25.879 25.771 25.798 25.889 25.812 25.764 25.83 26.587 28.334 27.019 25.865 25.73 25.659 25.672 25.629 25.649 25.705 25.545 25.398 25.548 25.529 25.516 25.525 25.487 25.623 25.626 25.623 25.712 25.626 25.719 25.756 25.777 25.775 25.666 25.552 25.484 25.475 25.446 25.237 24.737 24.706 25.19 25.274 25.182 25.16 25.197 25.208 25.192 25.204 25.242 25.345 25.422 25.435 25.486 25.496 25.518 25.562 25.59 25.601 25.671 25.737 25.788 25.952 26.322 26.554 26.701
26.256 26.16 26.083 25.955 25.873 25.851 25.89 25.805 25.773 25.947 25.81 25.761 25.851 26.061 26.758 26.053 25.724 25.607 25.596 25.587 25.599 25.615 25.648 25.559 25.373 25.464 25.541 25.496 25.561 25.54 25.683 25.598 25.611 25.734 25.639 25.693 25.739 25.829 25.809 25.767 25.549 25.503 25.524 25.47 25.344 25.12 25.188 25.054 25.281 25.215 25.179 25.212 25.202 25.228 25.204 25.24 25.334 25.43 25.453 25.486 25.504 25.514 25.555 25.609 25.62 25.673 25.755 25.83 25.971 26.295 26.592 26.711
26.292 26.201 26.105 25.953 25.851 25.835 25.839 25.821 25.905 25.854 25.765 25.789 25.951 26.11 26.334 25.84 25.749 25.642 25.606 25.588 25.569 25.623 25.608 25.606 25.408 25.467 25.635 25.586 25.606 25.564 25.59 25.582 25.609 25.593 25.559 25.658 25.754 25.958 25.716 25.699 25.572 25.477 25.51 25.501 25.418 25.069 24.756 24.957 25.345 25.207 25.163 25.2 25.205 25.2 25.214 25.237 25.332 25.406 25.467 25.492 25.52 25.527 25.538 25.615 25.652 25.707 25.805 25.885 25.981 26.272 26.545 26.766
26.225 26.143 26.047 25.957 25.933 25.888 25.85 25.877 25.917 25.849 25.88 25.838 26.078 25.958 25.814 25.763 25.717 25.637 25.632 25.606 25.581 25.598 25.595 25.608 25.498 25.458 25.624 25.598 25.594 25.582 25.579 25.56 25.604 25.618 25.632 25.669 25.753 25.783 25.67 25.589 25.52 25.463 25.455 25.44 25.406 25.119 24.625 24.842 25.327 25.197 25.139 25.185 25.217 25.224 25.24 25.247 25.322 25.393 25.485 25.483 25.521 25.533 25.543 25.644 25.677 25.699 25.806 25.907 26.002 26.22 26.629 26.813
26.152 26.115 26.033 25.973 25.897 25.929 26.098 26.001 25.972 25.919 25.925 25.866 26.21 26.378 25.903 25.889 25.728 25.735 25.65 25.6 25.549 25.533 25.565 25.583 25.509 25.439 25.655 25.67 25.686 25.593 25.507 25.54 25.676 25.643 25.658 25.695 25.705 25.759 25.695 25.562 25.535 25.498 25.462 25.453 25.376 25.188 24.682 24.714 25.229 25.161 25.091 25.181 25.243 25.227 25.234 25.249 25.297 25.379 25.49 25.505 25.542 25.557 25.565 25.637 25.702 25.751 25.835 25.924 26.013 26.225 26.673 26.863
26.08 26.095 26.04 25.991 25.966 25.94 26.08 26.141 26.11 26.004 25.97 25.861 26.051 26.202 26.153 25.9 25.753 25.68 25.592 25.575 25.591 25.561 25.634 25.666 25.573 25.434 25.562 25.675 25.646 25.497 25.527 25.549 25.624 25.633 25.652 25.704 25.732 25.741 25.68 25.57 25.529 25.516 25.475 25.437 25.554 25.411 25.014 24.679 25.161 25.209 25.13 25.166 25.248 25.258 25.241 25.249 25.302 25.375 25.477 25.505 25.544 25.559 25.581 25.644 25.717 25.748 25.816 25.939 26.049 26.301 26.677 26.926
26.097 26.157 26.138 26.083 26.066 25.996 26.042 26.075 26.108 26.03 26.001 25.908 25.933 25.88 25.83 25.803 25.746 25.701 25.61 25.59 25.677 25.585 25.646 25.753 25.72 25.462 25.529 25.588 25.646 25.588 25.618 25.569 25.562 25.569 25.623 25.662 25.673 25.746 25.674 25.62 25.509 25.497 25.461 25.468 25.644 26.305 25.116 24.601 24.965 25.243 25.164 25.198 25.246 25.262 25.248 25.26 25.306 25.379 25.45 25.528 25.582 25.598 25.598 25.655 25.728 25.772 25.86 25.98 26.069 26.206 26.537 26.932
26.185 26.187 26.174 26.17 26.174 26.097 26.133 26.107 26.057 25.986 25.944 25.9 25.866 25.869 25.832 25.921 25.814 25.781 25.731 25.651 25.638 25.599 25.623 25.711 25.633 25.482 25.533 25.66 25.618 25.579 25.532 25.54 25.549 25.583 25.596 25.596 25.62 25.666 25.664 25.617 25.54 25.544 25.5 25.662 25.518 25.426 25.207 24.673 24.727 25.231 25.208 25.221 25.232 25.272 25.274 25.3 25.324 25.359 25.48 25.545 25.577 25.602 25.604 25.636 25.735 25.793 25.857 25.974 26.1 26.267 26.555 26.996
26.308 26.284 26.235 26.151 26.144 26.161 26.246 26.141 26.097 26 25.896 25.894 25.879 25.829 25.84 25.842 25.832 25.751 25.777 25.749 25.675 25.594 25.621 25.644 25.626 25.581 25.649 26.091 25.658 25.606 25.634 25.671 25.542 25.547 25.551 25.638 25.668 25.684 25.695 25.679 25.676 25.613 25.529 25.467 25.462 25.423 25.282 24.81 24.668 25.192 25.27 25.25 25.271 25.298 25.305 25.3 25.32 25.364 25.44 25.541 25.575 25.591 25.611 25.645 25.718 25.765 25.89 26.01 26.123 26.264 26.519 26.977
26.419 26.39 26.279 26.211 26.147 26.169 26.167 26.131 26.099 26.069 25.964 25.927 25.942 25.928 25.898 25.854 25.892 25.753 25.799 26.018 26.04 25.638 25.634 25.635 25.633 25.987 26.721 25.754 25.598 25.565 25.549 25.559 25.524 25.545 25.544 25.585 25.684 25.77 25.781 25.708 25.736 25.688 25.55 25.514 25.459 25.457 25.37 25.114 24.874 25.051 25.288 25.261 25.263 25.302 25.309 25.313 25.33 25.371 25.465 25.553 25.588 25.596 25.617 25.632 25.701 25.808 25.9 26.03 26.14 26.272 26.458 26.968
26.313 26.32 26.249 26.201 26.286 26.262 26.141 26.14 26.149 26.075 26.039 25.978 25.939 25.958 26.019 25.87 25.862 25.766 25.752 26.155 26.731 25.751 25.655 25.74 25.687 25.728 26.132 25.582 25.646 25.641 25.556 25.517 25.513 25.495 25.533 25.581 25.646 25.848 25.752 25.871 26.286 25.745 25.591 25.636 25.446 25.459 25.434 25.131 24.769 24.752 25.272 25.326 25.312 25.309 25.309 25.317 25.329 25.363 25.448 25.52 25.588 25.617 25.628 25.639 25.706 25.818 25.904 26.031 26.144 26.268 26.41 26.752
26.306 26.325 26.251 26.233 26.247 26.301 26.166 26.14 26.137 26.07 26.108 26.104 26.063 26.865 26.136 25.825 25.779 25.765 25.734 25.711 25.817 25.675 25.665 25.753 25.731 25.748 25.489 25.502 25.621 25.635 25.558 25.524 25.498 25.489 25.571 25.559 25.645 25.742 25.736 25.872 26.125 26.1 25.698 25.651 25.557 25.45 25.419 25.165 24.709 24.712 25.257 25.396 25.448 25.316 25.306 25.32 25.354 25.359 25.437 25.536 25.602 25.597 25.631 25.644 25.697 25.783 25.897 25.984 26.099 26.249 26.407 26.681
26.311 26.313 26.32 26.252 26.21 26.254 26.173 26.199 26.185 26.122 26.069 26.068 26.082 26.272 25.894 25.899 25.798 25.804 25.773 25.745 25.756 25.716 25.706 25.738 25.754 25.719 25.598 25.492 25.644 25.987 25.6 25.533 25.518 25.536 25.699 25.66 25.674 25.752 25.769 25.822 25.878 25.983 25.734 25.562 25.526 25.457 25.483 25.226 25.023 24.894 25.278 25.596 25.66 25.275 25.304 25.344 25.361 25.358 25.404 25.487 25.578 25.598 25.627 25.647 25.705 25.78 25.894 25.985 26.129 26.279 26.396 26.587
26.286 26.342 26.306 26.24 26.208 26.216 26.138 26.156 26.138 26.115 26.071 26.05 26.039 25.97 25.947 25.909 25.879 25.854 25.892 25.864 25.836 25.776 25.743 25.73 25.734 25.714 25.628 25.485 26.183 31.228 27.189 25.606 25.571 25.559 25.63 25.626 25.688 25.771 25.832 25.811 25.845 25.836 25.694 25.558 25.519 25.502 25.494 25.349 25.077 24.655 25.056 25.734 25.774 25.382 25.331 25.373 25.357 25.355 25.39 25.45 25.574 25.598 25.621 25.655 25.719 25.787 25.875 25.966 26.096 26.271 26.398 26.502
26.237 26.216 26.191 26.251 26.225 26.196 26.171 26.216 26.195 26.156 26.13 26.115 26.034 26.006 26.015 25.966 25.959 25.904 25.945 25.911 25.897 25.859 25.78 25.776 25.759 25.718 25.704 25.586 25.913 28.337 26.19 25.692 25.588 25.545 25.552 25.556 25.637 25.782 25.876 25.834 25.774 25.742 25.68 25.573 25.51 25.528 25.542 25.485 25.058 24.7 24.976 25.355 25.361 25.309 25.323 25.385 25.385 25.377 25.378 25.445 25.541 25.591 25.631 25.652 25.681 25.763 25.857 25.942 26.066 26.223 26.388 26.502
26.137 26.125 26.147 26.215 26.232 26.205 26.241 26.273 26.257 26.194 26.189 26.162 26.101 26.121 26.102 26.015 26.01 26.038 25.975 25.932 25.912 25.881 25.858 25.91 25.882 25.792 25.784 25.574 25.587 25.851 25.804 25.653 25.657 25.576 25.594 25.554 25.679 25.896 25.954 25.782 25.803 25.828 25.65 25.581 25.533 25.517 25.615 25.575 25.322 25.197 24.795 25.236 25.316 25.344 25.328 25.36 25.386 25.368 25.371 25.42 25.519 25.604 25.599 25.637 25.654 25.735 25.822 25.938 26.03 26.143 26.339 26.5
26.118 26.166 26.213 26.264 26.279 26.241 26.241 26.243 26.251 26.256 26.336 26.477 26.152 26.201 26.216 26.037 26.041 26.053 26.004 25.991 25.882 25.881 25.907 25.959 25.917 25.866 25.822 25.687 25.565 25.671 25.726 25.659 25.619 25.584 25.576 25.556 25.668 25.81 25.907 25.746 25.841 25.846 25.683 25.57 25.506 25.506 25.578 25.543 25.477 27.58 25.547 25.189 25.331 25.355 25.316 25.324 25.365 25.364 25.391 25.438 25.51 25.607 25.617 25.636 25.656 25.698 25.791 25.902 25.998 26.141 26.33 26.476
26.404 26.254 26.241 26.277 26.293 26.318 26.26 26.239 26.261 26.269 26.548 27.125 26.2 26.183 26.177 26.08 26.042 26.041 26.095 26.11 25.964 25.923 25.868 25.858 25.868 25.857 25.825 25.748 25.57 25.617 25.762 25.736 25.599 25.559 25.541 25.572 25.639 25.714 25.815 25.803 25.982 25.867 25.688 25.707 25.574 25.521 25.534 25.531 25.389 25.734 24.92 25.099 25.364 25.452 25.348 25.329 25.378 25.38 25.402 25.441 25.513 25.584 25.618 25.631 25.661 25.704 25.785 25.874 25.979 26.133 26.324 26.467
26.556 26.299 26.254 26.295 26.337 26.34 26.292 26.25 26.307 26.288 26.258 26.228 26.168 26.142 26.135 26.073 26.017 26.025 26.101 26.115 26.043 25.97 25.89 25.877 25.914 25.89 25.834 25.76 25.573 25.597 25.72 25.676 25.605 25.575 25.548 25.584 25.572 25.643 25.758 25.872 25.906 25.855 25.703 25.788 25.836 25.579 25.514 25.524 25.43 25.212 24.884 24.9 25.339 25.471 25.36 25.329 25.367 25.39 25.378 25.427 25.523 25.602 25.622 25.637 25.674 25.709 25.797 25.874 25.943 26.119 26.303 26.468
26.362 26.251 26.325 26.31 26.412 26.406 26.28 26.246 26.279 26.263 26.282 26.232 26.134 26.103 26.146 26.097 26.053 26.087 26.101 26.052 26.05 26.02 25.937 25.923 25.941 25.919 25.859 25.839 25.644 25.524 25.644 25.672 25.648 25.594 25.564 25.545 25.565 25.643 25.768 25.821 25.806 25.88 25.764 26.559 25.98 25.583 25.525 25.535 25.517 25.343 24.968 24.712 25.231 25.454 25.37 25.361 25.378 25.386 25.368 25.425 25.521 25.606 25.644 25.642 25.684 25.707 25.763 25.842 25.932 26.067 26.291 26.464
26.406 26.257 26.306 26.314 26.343 26.375 26.357 26.344 26.221 26.258 26.304 26.243 26.163 26.163 26.162 26.082 26.045 26.085 26.107 26.041 26.048 26.014 25.952 25.93 25.924 25.939 25.888 25.908 25.772 25.59 25.613 25.673 25.659 25.62 25.573 25.545 25.59 25.674 25.751 25.876 25.788 25.843 25.707 25.63 25.515 25.502 25.503 25.548 25.635 25.485 25.258 24.764 25.193 25.409 25.359 25.36 25.378 25.401 25.389 25.385 25.45 25.552 25.64 25.651 25.683 25.697 25.743 25.806 25.903 26.03 26.238 26.438
26.498 26.203 26.227 26.28 26.295 26.316 26.71 26.453 26.282 26.273 26.234 26.19 26.178 26.174 26.143 26.115 26.061 26.092 26.143 26.164 26.142 26.082 25.971 25.918 26.36 27.235 26.136 25.924 25.803 25.591 25.469 25.645 25.687 25.636 25.599 25.606 25.669 25.707 25.747 25.733 25.81 25.827 25.693 25.525 25.511 25.484 25.478 25.572 25.669 25.489 25.154 24.697 25.087 25.35 25.357 25.351 25.384 25.446 25.432 25.422 25.438 25.519 25.62 25.64 25.676 25.699 25.702 25.777 25.885 26.003 26.184 26.388
26.523 26.364 26.249 26.356 26.263 27.356 29.62 27.715 26.66 26.309 26.248 26.187 26.2 26.162 26.174 26.189 26.15 26.139 26.181 26.164 26.203 26.027 25.882 25.852 26.665 28.579 26.786 26.013 25.785 25.579 25.429 25.646 25.677 25.633 25.62 25.568 25.632 25.711 25.765 25.793 25.847 25.784 25.623 25.505 25.48 25.492 25.579 25.64 25.83 25.539 25.224 24.807 24.962 25.295 25.37 25.354 25.388 25.453 25.453 25.444 25.44 25.491 25.586 25.641 25.689 25.687 25.711 25.775 25.862 25.991 26.164 26.347
26.37 26.285 26.361 26.744 26.387 28.286 32.316 30.443 26.517 26.291 26.249 26.208 26.207 26.225 26.163 26.205 26.166 26.152 26.108 26.049 26.027 25.912 25.821 25.77 25.801 26.788 26.378 25.93 25.804 26.097 25.55 25.577 25.681 25.659 25.588 25.581 25.62 25.761 25.812 25.809 25.801 25.764 25.681 25.726 25.662 25.611 25.729 25.703 25.59 25.554 25.352 24.988 24.734 25.202 25.343 25.351 25.417 25.467 25.452 25.436 25.446 25.498 25.558 25.637 25.659 25.691 25.712 25.73 25.844 25.992 26.119 26.311
26.381 26.321 26.285 26.481 26.352 27.018 29.224 28.216 26.386 26.256 26.236 26.205 26.245 26.228 26.199 26.172 26.163 26.123 26.038 26.008 25.964 25.924 25.842 25.786 25.756 25.88 25.828 25.773 25.733 25.803 25.534 25.525 25.657 25.657 25.61 25.696 25.647 25.708 25.795 25.828 25.77 25.73 25.638 25.764 25.853 25.718 25.745 25.762 25.557 25.536 25.408 25.274 24.807 25.239 25.364 25.386 25.428 25.477 25.484 25.474 25.436 25.483 25.528 25.622 25.642 25.679 25.708 25.745 25.82 25.965 26.08 26.267
26.457 26.409 26.401 26.446 26.373 26.449 26.564 26.588 26.297 26.273 26.328 26.319 26.236 26.212 26.184 26.115 26.126 26.121 26.115 26.065 26.047 26.044 25.905 25.839 25.775 25.765 25.713 25.666 25.649 25.601 25.419 25.432 25.605 25.631 25.559 25.652 25.683 25.703 25.733 25.803 25.772 25.679 25.649 25.819 25.899 25.733 25.704 25.737 25.577 25.591 25.538 25.898 24.875 24.984 25.332 25.394 25.417 25.483 25.507 25.475 25.465 25.489 25.527 25.624 25.659 25.686 25.722 25.738 25.803 25.91 26.048 26.23
26.453 26.45 26.465 26.499 26.398 26.379 26.34 26.349 26.324 26.285 26.315 26.286 26.219 26.197 26.121 26.112 26.198 26.261 26.23 26.201 26.173 26.058 25.923 25.855 25.835 25.774 25.742 25.712 25.682 25.56 25.412 25.444 25.597 25.638 25.612 25.665 25.695 25.771 25.78 25.754 25.659 25.61 25.665 25.746 25.965 25.788 25.668 25.63 25.629 25.623 25.669 25.509 25.003 24.837 25.281 25.408 25.426 25.482 25.503 25.483 25.463 25.467 25.517 25.614 25.667 25.687 25.711 25.736 25.799 25.905 26.034 26.218
26.506 26.521 26.479 26.368 26.396 26.391 26.384 26.391 26.356 26.284 26.285 26.289 26.269 26.256 26.152 26.18 26.303 26.247 26.258 26.216 26.184 26.072 25.957 25.864 25.83 25.788 25.742 25.669 25.674 25.617 25.486 25.45 25.633 25.68 25.645 25.848 25.804 25.888 25.952 25.894 25.673 25.637 25.586 25.697 25.953 25.738 25.784 25.753 25.827 25.714 25.614 25.444 25.037 24.806 25.216 25.43 25.438 25.481 25.521 25.494 25.47 25.467 25.498 25.577 25.676 25.706 25.74 25.764 25.824 25.903 26.059 26.23
26.65 26.583 26.549 26.42 26.447 26.47 26.462 26.446 26.417 26.311 26.313 26.318 26.274 26.229 26.178 26.196 26.267 26.388 26.276 26.15 26.109 26.003 25.942 25.862 25.897 25.78 25.768 25.723 25.719 25.635 25.528 25.403 25.59 25.714 25.705 25.774 25.758 25.819 25.902 25.787 25.689 25.677 25.591 25.659 25.833 25.812 25.94 25.906 25.882 25.659 25.663 25.491 25.051 24.717 25.177 25.432 25.461 25.48 25.52 25.504 25.49 25.469 25.507 25.538 25.668 25.726 25.745 25.781 25.828 25.934 26.063 26.202
