StarCarr/ta0281_DSM_2M.asc
ncols 500
nrows 500
xllcorner    502000
yllcorner    481000
cellsize     2
NODATA_value -9999
[rows 256 to 287 of 500, columns 144 to 215 of 500]
25.295 25.275 25.295 25.301 25.342 25.381 25.386 25.379 25.358 25.4 25.41 25.373 25.298 25.265 25.26 25.257 25.283 25.328 25.329 25.386 25.396 25.354 25.377 25.431 25.461 25.433 25.44 25.46 25.47 25.502 25.502 25.507 25.544 25.539 25.571 25.566 25.614 25.594 25.598 25.627 25.643 25.659 25.693 25.728 25.705 25.76 25.776 25.76 25.741 25.705 25.704 25.732 25.712 25.783 25.804 25.822 25.829 25.817 25.817 25.789 25.777 25.792 25.801 25.831 25.842 25.82 25.811 25.82 25.822 25.807 25.814 25.817
25.322 25.302 25.314 25.312 25.369 25.345 25.407 25.386 25.368 25.393 25.371 25.34 25.254 25.261 25.241 25.284 25.309 25.348 25.334 25.435 25.363 25.424 25.411 25.428 25.447 25.431 25.415 25.456 25.462 25.522 25.489 25.502 25.518 25.587 25.576 25.577 25.591 25.608 25.626 25.634 25.621 25.669 25.696 25.706 25.72 25.745 25.752 25.754 25.761 25.704 25.694 25.746 25.737 25.783 25.832 25.834 25.839 25.833 25.809 25.786 25.784 25.797 25.822 25.83 25.834 25.811 25.772 25.815 25.831 25.84 25.827 25.803
25.365 25.355 25.356 25.362 25.376 25.37 25.391 25.404 25.354 25.354 25.341 25.327 25.264 25.249 25.266 25.299 25.307 25.343 25.37 25.432 25.384 25.458 25.419 25.435 25.414 25.434 25.405 25.441 25.454 25.498 25.49 25.541 25.559 25.596 25.616 25.62 25.606 25.617 25.605 25.647 25.648 25.666 25.669 25.712 25.718 25.749 25.737 25.74 25.737 25.707 25.687 25.723 25.744 25.771 25.812 25.831 25.847 25.842 25.798 25.804 25.815 25.814 25.834 25.802 25.835 25.833 25.78 25.791 25.843 25.851 25.818 25.794
25.417 25.372 25.383 25.408 25.393 25.358 25.382 25.391 25.321 25.338 25.316 25.287 25.252 25.252 25.282 25.299 25.354 25.351 25.376 25.435 25.376 25.465 25.47 25.43 25.441 25.433 25.424 25.44 25.45 25.493 25.503 25.538 25.537 25.609 25.63 25.651 25.602 25.633 25.625 25.645 25.662 25.684 25.675 25.682 25.712 25.734 25.722 25.725 25.718 25.706 25.673 25.667 25.732 25.763 25.859 25.846 25.872 25.825 25.794 25.824 25.818 25.791 25.802 25.791 25.817 25.831 25.809 25.8 25.808 25.852 25.806 25.77
25.447 25.42 25.421 25.409 25.406 25.378 25.398 25.317 25.363 25.325 25.312 25.279 25.264 25.262 25.296 25.322 25.393 25.342 25.356 25.394 25.38 25.425 25.453 25.426 25.449 25.45 25.444 25.43 25.46 25.44 25.513 25.489 25.548 25.609 25.651 25.608 25.62 25.649 25.65 25.63 25.649 25.67 25.685 25.663 25.717 25.723 25.731 25.74 25.725 25.712 25.673 25.618 25.713 25.749 25.827 25.845 25.867 25.822 25.805 25.812 25.805 25.797 25.79 25.814 25.832 25.835 25.81 25.779 25.76 25.811 25.765 25.756
25.494 25.441 25.45 25.414 25.433 25.384 25.379 25.342 25.333 25.302 25.288 25.267 25.292 25.297 25.324 25.323 25.35 25.345 25.374 25.352 25.401 25.407 25.453 25.433 25.433 25.437 25.44 25.454 25.451 25.449 25.526 25.488 25.57 25.58 25.638 25.615 25.621 25.63 25.649 25.628 25.644 25.651 25.674 25.654 25.719 25.724 25.7 25.721 25.729 25.708 25.663 25.631 25.703 25.757 25.808 25.871 25.855 25.828 25.811 25.804 25.794 25.776 25.759 25.789 25.814 25.822 25.79 25.771 25.756 25.795 25.746 25.754
25.487 25.475 25.469 25.419 25.41 25.396 25.374 25.29 25.293 25.276 25.302 25.328 25.299 25.294 25.318 25.334 25.34 25.362 25.396 25.443 25.446 25.412 25.407 25.424 25.418 25.424 25.44 25.437 25.471 25.446 25.506 25.489 25.598 25.621 25.624 25.607 25.604 25.611 25.615 25.612 25.634 25.643 25.644 25.646 25.687 25.717 25.716 25.725 25.716 25.672 25.64 25.645 25.694 25.773 25.822 25.88 25.832 25.809 25.804 25.783 25.76 25.766 25.752 25.787 25.816 25.806 25.786 25.773 25.759 25.763 25.762 25.741
25.483 25.491 25.487 25.45 25.414 25.355 25.349 25.293 25.284 25.281 25.312 25.321 25.325 25.332 25.286 25.315 25.31 25.356 25.352 25.379 25.464 25.433 25.39 25.417 25.418 25.419 25.439 25.482 25.458 25.484 25.507 25.526 25.584 25.615 25.6 25.614 25.619 25.62 25.592 25.659 25.658 25.651 25.647 25.634 25.649 25.712 25.731 25.713 25.695 25.685 25.638 25.629 25.671 25.786 25.806 25.836 25.824 25.801 25.795 25.769 25.747 25.745 25.748 25.778 25.806 25.777 25.758 25.755 25.755 25.752 25.751 25.713
25.51 25.492 25.471 25.439 25.404 25.339 25.327 25.296 25.241 25.247 25.268 25.278 25.278 25.289 25.269 25.299 25.309 25.355 25.343 25.336 25.398 25.411 25.401 25.413 25.422 25.42 25.42 25.498 25.453 25.484 25.502 25.498 25.54 25.606 25.592 25.601 25.604 25.605 25.584 25.64 25.65 25.663 25.658 25.657 25.627 25.703 25.719 25.7 25.698 25.664 25.639 25.648 25.67 25.747 25.804 25.79 25.769 25.793 25.79 25.758 25.709 25.727 25.744 25.759 25.777 25.729 25.725 25.719 25.76 25.719 25.719 25.711
25.496 25.494 25.463 25.45 25.41 25.326 25.326 25.29 25.258 25.258 25.262 25.237 25.282 25.246 25.253 25.272 25.311 25.334 25.345 25.337 25.374 25.358 25.376 25.376 25.4 25.385 25.414 25.465 25.459 25.481 25.533 25.52 25.518 25.589 25.605 25.597 25.649 25.581 25.578 25.638 25.678 25.659 25.639 25.643 25.639 25.692 25.722 25.69 25.682 25.653 25.655 25.657 25.674 25.705 25.808 25.823 25.775 25.793 25.769 25.719 25.699 25.716 25.744 25.733 25.735 25.712 25.72 25.732 25.729 25.688 25.694 25.714
25.509 25.509 25.436 25.41 25.356 25.317 25.332 25.214 25.187 25.241 25.207 25.22 25.238 25.213 25.219 25.259 25.303 25.296 25.329 25.312 25.311 25.323 25.36 25.357 25.378 25.375 25.427 25.394 25.473 25.474 25.508 25.513 25.532 25.575 25.582 25.603 25.639 25.554 25.582 25.598 25.645 25.648 25.65 25.642 25.631 25.678 25.7 25.687 25.673 25.66 25.644 25.638 25.644 25.686 25.811 25.802 25.78 25.768 25.747 25.722 25.703 25.721 25.725 25.723 25.713 25.717 25.726 25.741 25.708 25.697 25.693 25.704
25.466 25.464 25.421 25.373 25.335 25.301 25.256 25.258 25.163 25.212 25.209 25.21 25.198 25.244 25.246 25.242 25.269 25.281 25.299 25.282 25.269 25.265 25.331 25.325 25.348 25.348 25.421 25.395 25.446 25.466 25.51 25.518 25.484 25.521 25.569 25.617 25.607 25.552 25.587 25.576 25.626 25.621 25.612 25.621 25.64 25.668 25.695 25.688 25.655 25.655 25.642 25.651 25.653 25.674 25.759 25.777 25.766 25.756 25.716 25.704 25.726 25.714 25.696 25.698 25.699 25.727 25.732 25.688 25.688 25.7 25.688 25.686
25.43 25.421 25.375 25.323 25.363 25.263 25.21 25.189 25.143 25.199 25.194 25.206 25.211 25.29 25.256 25.246 25.256 25.289 25.265 25.278 25.261 25.286 25.317 25.289 25.292 25.328 25.346 25.408 25.438 25.433 25.453 25.466 25.458 25.529 25.533 25.58 25.554 25.569 25.599 25.573 25.6 25.607 25.609 25.617 25.64 25.664 25.665 25.654 25.64 25.64 25.645 25.662 25.66 25.717 25.757 25.774 25.769 25.754 25.715 25.71 25.722 25.716 25.717 25.681 25.689 25.722 25.695 25.691 25.697 25.683 25.69 25.7
25.378 25.367 25.317 25.309 25.299 25.225 25.214 25.233 25.195 25.209 25.227 25.223 25.243 25.256 25.246 25.257 25.199 25.246 25.239 25.245 25.203 25.285 25.297 25.289 25.245 25.297 25.289 25.382 25.388 25.427 25.432 25.468 25.443 25.523 25.528 25.573 25.545 25.544 25.573 25.584 25.563 25.614 25.622 25.59 25.63 25.656 25.644 25.653 25.639 25.618 25.625 25.636 25.639 25.735 25.729 25.767 25.765 25.745 25.715 25.709 25.695 25.688 25.691 25.652 25.669 25.673 25.655 25.652 25.677 25.72 25.755 25.746
25.336 25.324 25.285 25.291 25.261 25.247 25.197 25.167 25.128 25.164 25.219 25.271 25.246 25.269 25.287 25.24 25.19 25.217 25.238 25.231 25.173 25.251 25.246 25.256 25.235 25.298 25.279 25.38 25.353 25.414 25.412 25.443 25.459 25.54 25.526 25.521 25.524 25.566 25.569 25.555 25.557 25.597 25.606 25.587 25.625 25.637 25.643 25.665 25.66 25.631 25.635 25.635 25.653 25.711 25.732 25.738 25.722 25.709 25.712 25.704 25.699 25.692 25.686 25.692 25.661 25.626 25.691 25.653 25.714 25.747 25.773 25.764
25.309 25.3 25.249 25.268 25.245 25.2 25.2 25.218 25.169 25.203 25.235 25.298 25.253 25.279 25.287 25.245 25.213 25.218 25.212 25.193 25.178 25.23 25.249 25.237 25.229 25.259 25.259 25.348 25.396 25.401 25.429 25.433 25.446 25.554 25.506 25.527 25.538 25.56 25.549 25.539 25.568 25.606 25.634 25.606 25.611 25.626 25.637 25.649 25.642 25.632 25.623 25.637 25.67 25.698 25.753 25.755 25.71 25.685 25.692 25.696 25.688 25.679 25.715 25.746 25.71 25.658 25.679 25.712 25.736 25.776 25.788 25.767
25.274 25.275 25.244 25.242 25.221 25.211 25.198 25.21 25.183 25.211 25.228 25.252 25.279 25.262 25.269 25.271 25.229 25.204 25.21 25.184 25.192 25.232 25.221 25.275 25.227 25.258 25.28 25.286 25.403 25.411 25.424 25.433 25.491 25.472 25.499 25.51 25.524 25.54 25.531 25.518 25.566 25.591 25.637 25.622 25.621 25.587 25.639 25.654 25.668 25.642 25.625 25.656 25.669 25.702 25.722 25.72 25.705 25.703 25.727 25.692 25.719 25.631 25.71 25.729 25.718 25.724 25.717 25.702 25.723 25.749 25.788 25.797
25.274 25.257 25.236 25.251 25.215 25.198 25.243 25.27 25.206 25.214 25.259 25.281 25.294 25.324 25.282 25.284 25.241 25.213 25.212 25.179 25.188 25.146 25.226 25.265 25.249 25.256 25.298 25.262 25.326 25.365 25.42 25.439 25.488 25.418 25.473 25.493 25.517 25.529 25.522 25.52 25.542 25.554 25.62 25.621 25.596 25.587 25.62 25.677 25.675 25.64 25.633 25.64 25.677 25.725 25.711 25.709 25.683 25.712 25.687 25.642 25.677 25.712 25.728 25.708 25.71 25.715 25.719 25.745 25.747 25.766 25.804 25.828
25.263 25.256 25.233 25.243 25.229 25.209 25.257 25.328 25.309 25.243 25.269 25.289 25.327 25.328 25.291 25.3 25.257 25.193 25.172 25.149 25.17 25.187 25.218 25.257 25.244 25.249 25.265 25.297 25.327 25.342 25.385 25.438 25.457 25.431 25.476 25.501 25.52 25.479 25.483 25.504 25.53 25.544 25.604 25.604 25.574 25.585 25.625 25.638 25.657 25.632 25.612 25.64 25.677 25.702 25.705 25.697 25.702 25.735 25.687 25.675 25.723 25.759 25.753 25.743 25.742 25.756 25.782 25.78 25.802 25.82 25.852 25.863
25.262 25.264 25.246 25.248 25.229 25.256 25.288 25.326 25.316 25.302 25.3 25.336 25.331 25.329 25.305 25.276 25.24 25.194 25.167 25.166 25.154 25.151 25.194 25.26 25.248 25.265 25.275 25.288 25.327 25.376 25.369 25.406 25.392 25.404 25.469 25.499 25.484 25.448 25.499 25.506 25.519 25.546 25.533 25.548 25.557 25.581 25.64 25.643 25.652 25.652 25.631 25.635 25.654 25.646 25.673 25.672 25.689 25.736 25.731 25.734 25.731 25.75 25.733 25.752 25.768 25.775 25.785 25.8 25.826 25.888 25.94 25.973
25.267 25.251 25.226 25.249 25.295 25.305 25.323 25.358 25.383 25.328 25.358 25.383 25.322 25.311 25.296 25.25 25.224 25.179 25.134 25.163 25.173 25.173 25.206 25.245 25.234 25.276 25.279 25.311 25.355 25.379 25.335 25.369 25.327 25.438 25.475 25.454 25.452 25.471 25.498 25.494 25.5 25.554 25.525 25.558 25.529 25.591 25.602 25.637 25.663 25.685 25.653 25.638 25.604 25.579 25.639 25.661 25.684 25.713 25.712 25.736 25.762 25.768 25.779 25.786 25.792 25.825 25.849 25.896 25.989 26.002 25.886 25.636
25.276 25.273 25.239 25.254 25.326 25.337 25.332 25.359 25.367 25.375 25.372 25.354 25.331 25.309 25.255 25.211 25.231 25.174 25.166 25.177 25.124 25.125 25.213 25.241 25.262 25.29 25.311 25.309 25.328 25.322 25.308 25.323 25.327 25.406 25.446 25.434 25.434 25.459 25.472 25.498 25.497 25.495 25.528 25.557 25.554 25.589 25.583 25.64 25.639 25.643 25.632 25.647 25.641 25.631 25.638 25.663 25.686 25.715 25.753 25.764 25.802 25.785 25.815 25.825 25.894 25.94 25.997 25.97 25.774 25.405 24.655 24.377
25.274 25.285 25.295 25.29 25.34 25.381 25.351 25.363 25.357 25.367 25.397 25.367 25.326 25.294 25.252 25.231 25.241 25.168 25.141 25.144 25.11 25.117 25.207 25.222 25.277 25.305 25.313 25.306 25.326 25.307 25.313 25.312 25.327 25.412 25.456 25.434 25.435 25.473 25.493 25.49 25.494 25.521 25.532 25.548 25.544 25.584 25.609 25.674 25.678 25.663 25.688 25.682 25.629 25.619 25.673 25.691 25.738 25.73 25.764 25.766 25.796 25.838 25.911 25.98 26.053 26.05 25.7 25.037 24.463 24.352 24.588 24.782
25.295 25.3 25.32 25.327 25.355 25.419 25.388 25.382 25.383 25.362 25.369 25.387 25.326 25.277 25.253 25.197 25.177 25.197 25.163 25.108 25.147 25.176 25.218 25.209 25.265 25.318 25.319 25.353 25.325 25.329 25.331 25.343 25.325 25.423 25.423 25.417 25.426 25.482 25.438 25.417 25.471 25.503 25.544 25.558 25.565 25.562 25.608 25.62 25.677 25.67 25.698 25.652 25.667 25.664 25.667 25.691 25.748 25.78 25.798 25.855 25.897 25.987 25.987 25.999 25.746 25.207 24.656 24.162 24.512 25.194 25.59 25.704
25.307 25.314 25.347 25.36 25.414 25.439 25.429 25.418 25.388 25.363 25.365 25.418 25.301 25.278 25.212 25.192 25.17 25.182 25.162 25.117 25.138 25.169 25.178 25.231 25.271 25.306 25.324 25.352 25.332 25.335 25.345 25.347 25.346 25.399 25.392 25.417 25.435 25.469 25.486 25.456 25.497 25.518 25.526 25.529 25.564 25.564 25.579 25.612 25.681 25.682 25.677 25.654 25.677 25.679 25.685 25.725 25.807 25.865 25.922 26.002 26.051 26.03 25.842 25.38 25.168 24.301 24.3 25.108 25.539 25.719 25.821 25.76
25.342 25.351 25.38 25.394 25.41 25.401 25.441 25.422 25.409 25.374 25.38 25.382 25.312 25.27 25.21 25.196 25.163 25.181 25.127 25.097 25.11 25.174 25.106 25.228 25.267 25.303 25.297 25.323 25.323 25.329 25.346 25.353 25.355 25.372 25.35 25.426 25.445 25.447 25.455 25.455 25.475 25.488 25.491 25.526 25.56 25.589 25.612 25.636 25.67 25.669 25.661 25.633 25.621 25.682 25.712 25.846 26.007 26.036 26.096 26.193 26.1 25.864 25.357 24.51 24.305 25.128 25.592 25.793 25.839 25.789 25.763 25.756
25.374 25.391 25.412 25.423 25.453 25.442 25.454 25.442 25.431 25.413 25.38 25.368 25.308 25.256 25.214 25.183 25.193 25.162 25.11 25.107 25.097 25.164 25.151 25.241 25.247 25.284 25.316 25.328 25.303 25.317 25.34 25.352 25.333 25.327 25.384 25.43 25.443 25.464 25.458 25.471 25.451 25.477 25.491 25.521 25.56 25.573 25.624 25.621 25.707 25.717 25.659 25.612 25.574 25.777 26.007 26.089 26.226 26.184 26.217 26.174 25.926 25.427 24.79 24.889 25.41 25.708 25.903 25.874 25.824 25.789 25.781 25.777
25.409 25.408 25.423 25.427 25.437 25.464 25.496 25.444 25.448 25.409 25.384 25.381 25.325 25.248 25.207 25.217 25.186 25.1 25.132 25.127 25.116 25.125 25.198 25.219 25.235 25.268 25.312 25.294 25.277 25.304 25.36 25.352 25.322 25.334 25.382 25.438 25.471 25.449 25.438 25.456 25.441 25.473 25.525 25.554 25.568 25.574 25.588 25.647 25.71 25.658 25.619 25.543 25.465 25.741 26.184 26.207 26.243 26.187 26.107 26.847 27.074 24.871 24.477 25.533 25.927 25.918 25.916 25.87 25.771 25.796 25.796 25.782
25.414 25.445 25.426 25.436 25.468 25.485 25.488 25.477 25.454 25.44 25.397 25.419 25.338 25.276 25.224 25.179 25.175 25.124 25.116 25.134 25.094 25.087 25.141 25.212 25.234 25.225 25.273 25.274 25.285 25.304 25.324 25.321 25.328 25.308 25.399 25.447 25.464 25.454 25.462 25.461 25.501 25.512 25.531 25.536 25.584 25.58 25.605 25.642 25.671 25.631 25.565 25.513 25.464 25.6 26.038 26.086 26.076 26.065 26.082 26.151 25.366 24.213 25.419 25.891 25.956 25.934 25.957 25.94 25.888 25.824 25.804 25.768
25.436 25.458 25.465 25.447 25.497 25.503 25.483 25.495 25.487 25.429 25.406 25.376 25.361 25.28 25.219 25.196 25.176 25.148 25.131 25.148 25.103 25.074 25.161 25.202 25.21 25.202 25.23 25.236 25.309 25.322 25.32 25.304 25.308 25.306 25.405 25.404 25.435 25.437 25.498 25.513 25.476 25.493 25.531 25.548 25.574 25.612 25.624 25.621 25.648 25.627 25.541 25.498 25.459 25.574 25.931 25.994 25.939 25.976 25.923 25.61 24.467 24.61 25.679 25.944 25.958 25.955 26.002 25.917 25.839 25.804 25.793 25.773
25.449 25.459 25.452 25.448 25.466 25.49 25.536 25.527 25.508 25.427 25.407 25.349 25.35 25.29 25.237 25.212 25.182 25.149 25.125 25.119 25.125 25.129 25.152 25.178 25.184 25.198 25.217 25.263 25.28 25.307 25.305 25.311 25.291 25.312 25.364 25.372 25.409 25.429 25.483 25.505 25.485 25.484 25.527 25.586 25.607 25.635 25.648 25.604 25.635 25.618 25.573 25.514 25.531 25.684 25.916 26.022 26 26.255 25.925 25.132 24.608 24.98 25.852 25.923 25.934 26.016 26.009 25.868 25.83 25.815 25.793 25.764
25.421 25.457 25.467 25.479 25.477 25.486 25.499 25.514 25.499 25.429 25.384 25.347 25.338 25.295 25.26 25.224 25.2 25.133 25.148 25.134 25.091 25.114 25.122 25.141 25.169 25.192 25.215 25.288 25.313 25.251 25.264 25.279 25.284 25.284 25.346 25.379 25.408 25.45 25.487 25.524 25.513 25.547 25.577 25.614 25.627 25.627 25.641 25.627 25.639 25.599 25.556 25.499 25.515 25.681 26.006 26.053 26.053 26.036 25.606 24.819 24.395 25.565 25.92 25.885 25.885 25.975 25.94 25.871 25.833 25.816 25.78 25.739
