StarCarr/ta0280_DSM_2M.asc
ncols 500
nrows 500
xllcorner    502000
yllcorner    480000
cellsize     2
NODATA_value -9999
[rows 96 to 127 of 500, columns 216 to 287 of 500]
23.962 23.975 24 24.026 24.027 24.039 24.04 24.025 24.042 24.024 24.032 24.043 24.025 23.989 23.962 23.973 23.966 23.979 24.007 24.045 24.059 24.047 24.033 24.049 24.061 24.066 24.063 24.065 24.088 24.144 24.278 24.369 24.444 24.476 24.254 23.746 24.207 24.632 24.691 24.644 24.678 24.65 24.515 24.601 24.733 24.748 24.782 24.826 24.858 24.896 24.884 24.796 24.752 24.765 24.843 24.664 24.194 24.011 24.484 24.688 24.784 25.05 25.185 24.863 24.837 24.825 24.856 24.852 24.902 24.829 24.868 24.822
23.977 23.996 24.021 24.03 24.036 24.047 24.048 24.04 24.051 24.03 24.033 24.044 24.029 23.997 23.965 23.954 23.941 23.951 23.97 24.002 24.029 24.013 24.013 24.027 24.041 24.032 24.021 24.044 24.08 24.146 24.242 24.345 24.423 24.477 24.328 24.224 24.872 24.638 24.754 24.706 24.697 24.668 24.535 24.542 24.659 24.76 24.851 24.871 24.865 24.8 24.81 24.804 24.778 24.815 24.893 24.884 24.627 25.008 24.588 24.699 24.762 24.959 25.166 24.942 24.863 24.809 24.82 24.852 24.895 24.907 24.947 25.024
23.996 24.019 24.056 24.044 24.046 24.077 24.071 24.06 24.054 24.053 24.052 24.046 24.038 24.029 24.006 23.98 23.966 23.96 23.955 23.998 24.001 23.994 24.009 24.037 24.043 24.032 24.023 24.026 24.071 24.117 24.224 24.337 24.419 24.494 24.407 24.025 24.452 24.558 24.716 24.651 24.68 24.682 24.562 24.539 24.618 24.699 24.802 24.812 24.867 24.902 24.834 24.801 24.778 24.841 24.913 24.936 24.818 27.597 25.571 24.64 24.748 24.904 25.128 24.968 24.853 24.908 24.87 24.884 24.849 24.889 24.91 24.896
24.006 24.023 24.06 24.048 24.044 24.052 24.061 24.064 24.07 24.066 24.057 24.034 24.029 24.026 24.016 24.014 23.985 23.985 23.986 24.012 23.993 23.99 24.004 24.034 24.039 24.043 24.051 24.061 24.084 24.123 24.189 24.296 24.431 24.495 24.452 24.075 24.202 24.681 24.506 24.619 24.63 24.666 24.645 24.56 24.556 24.625 24.726 24.742 24.78 24.852 24.826 24.793 24.809 24.892 24.916 24.948 24.654 25.095 25.107 24.65 24.721 24.797 25.06 25.221 25.129 24.964 24.907 24.882 24.885 24.892 24.875 24.949
23.991 24.013 24.034 24.032 24.051 24.05 24.081 24.08 24.087 24.084 24.068 24.041 24.038 24.04 24.03 24.011 23.985 23.981 23.987 24.01 24.017 23.981 23.993 24.034 24.035 24.061 24.083 24.098 24.106 24.146 24.181 24.278 24.411 24.5 24.497 24.316 24.094 24.604 24.468 24.654 24.82 24.684 24.622 24.558 24.528 24.549 24.665 24.68 24.768 24.849 24.83 24.816 24.831 24.889 24.886 24.897 24.776 25.378 26.933 24.724 24.712 24.778 25.01 25.462 25.371 24.911 24.882 24.89 24.858 25.007 24.837 24.966
24.006 24.008 24.031 24.039 24.049 24.057 24.076 24.083 24.09 24.089 24.082 24.067 24.065 24.061 24.047 24.021 23.994 23.978 23.981 24.006 24.025 24.001 23.997 24.035 24.066 24.091 24.088 24.095 24.116 24.144 24.162 24.222 24.394 24.498 24.528 24.384 23.909 23.608 24.523 24.689 24.652 24.602 24.63 24.563 24.517 24.556 24.624 24.752 24.924 24.855 24.875 24.888 24.804 24.864 24.839 24.858 24.795 24.76 25.484 24.588 24.672 24.709 24.785 25.178 25.29 24.916 24.814 24.867 24.797 24.818 24.854 24.996
24.015 24.018 24.035 24.054 24.048 24.066 24.08 24.089 24.093 24.092 24.087 24.087 24.088 24.079 24.059 24.047 24.019 24 23.992 24.013 24.04 24.03 24.037 24.056 24.095 24.1 24.101 24.111 24.133 24.143 24.139 24.209 24.364 24.445 24.522 24.93 24.1 24.658 24.663 24.811 24.682 24.556 24.59 24.623 24.598 24.547 24.57 24.764 24.803 24.832 24.783 24.872 24.868 24.875 24.85 24.868 24.868 24.578 24.493 24.495 24.555 24.616 24.626 24.732 24.934 24.912 24.791 24.794 24.792 24.909 24.891 24.907
24.033 24.04 24.031 24.06 24.063 24.071 24.085 24.094 24.114 24.102 24.103 24.111 24.109 24.111 24.085 24.057 24.056 24.041 24.02 24.034 24.05 24.039 24.042 24.064 24.099 24.105 24.113 24.126 24.138 24.148 24.148 24.198 24.323 24.443 24.522 24.716 24.327 24.08 24.146 24.934 24.637 24.576 24.616 24.679 24.609 24.491 24.55 24.683 24.725 24.766 24.773 24.8 24.838 24.819 24.773 24.821 24.871 24.693 25.882 24.185 23.963 24.271 24.458 24.515 24.764 25.025 24.796 24.831 24.849 24.924 24.788 24.818
24.027 24.028 24.052 24.074 24.078 24.085 24.097 24.107 24.103 24.096 24.113 24.132 24.139 24.124 24.099 24.078 24.067 24.062 24.04 24.042 24.061 24.069 24.055 24.082 24.097 24.108 24.117 24.129 24.156 24.165 24.148 24.166 24.257 24.4 24.482 24.5 24.272 23.708 23.722 24.56 24.618 24.631 24.656 24.658 24.6 24.499 24.557 24.718 24.706 24.74 24.79 24.791 24.811 24.828 24.799 24.812 24.871 24.836 24.52 23.607 23.544 23.606 24.301 24.446 24.607 24.726 24.703 24.774 24.731 24.71 24.735 24.732
24.038 24.056 24.073 24.094 24.091 24.103 24.115 24.132 24.126 24.119 24.105 24.147 24.149 24.136 24.111 24.105 24.088 24.076 24.059 24.053 24.06 24.065 24.034 24.058 24.094 24.123 24.116 24.13 24.137 24.156 24.144 24.17 24.251 24.389 24.467 24.462 24.356 23.849 25.286 24.953 24.658 24.667 24.691 24.696 24.674 24.543 24.57 24.718 24.711 24.753 24.846 24.812 24.819 24.824 24.815 24.901 24.919 24.871 24.677 23.791 23.808 24.043 24.285 24.422 24.45 24.255 24.545 24.673 24.656 24.647 24.733 24.744
24.053 24.048 24.08 24.098 24.094 24.114 24.121 24.126 24.138 24.159 24.128 24.137 24.152 24.133 24.113 24.111 24.102 24.079 24.072 24.053 24.049 24.043 24.038 24.049 24.085 24.108 24.115 24.143 24.136 24.158 24.158 24.158 24.191 24.363 24.462 24.463 24.362 23.7 24.102 24.57 24.684 24.699 24.724 24.726 24.664 24.558 24.647 24.697 24.742 24.804 24.871 24.829 24.786 24.812 24.869 24.852 24.898 24.892 24.752 23.958 23.828 24.246 24.446 24.503 24.158 23.696 24.442 24.281 24.502 24.694 24.766 24.76
24.076 24.067 24.081 24.1 24.101 24.119 24.132 24.138 24.136 24.15 24.118 24.119 24.134 24.124 24.107 24.113 24.096 24.077 24.054 24.033 24.025 24.047 24.045 24.05 24.07 24.091 24.106 24.129 24.119 24.13 24.15 24.154 24.213 24.324 24.466 24.485 24.397 23.968 23.526 24.384 24.707 24.764 24.73 24.736 24.724 24.598 24.689 24.771 24.797 24.792 24.837 24.824 24.818 24.848 24.844 24.784 24.805 24.918 24.936 24.326 23.586 24.284 24.597 24.673 24.824 24.639 25.083 23.636 23.805 24.326 24.547 24.63
24.091 24.08 24.091 24.108 24.117 24.141 24.144 24.145 24.149 24.149 24.129 24.107 24.129 24.128 24.116 24.109 24.108 24.071 24.032 24.026 24.013 24.039 24.026 24.044 24.067 24.091 24.082 24.08 24.11 24.135 24.156 24.166 24.178 24.269 24.43 24.47 24.438 24.181 23.398 24.009 24.654 24.713 24.686 24.695 24.673 24.617 24.721 24.797 24.8 24.833 24.839 24.855 24.836 24.833 24.844 24.831 24.822 24.93 24.927 24.706 23.652 24.307 24.624 24.708 24.776 24.823 24.793 24.272 23.999 23.728 23.953 24.185
24.102 24.094 24.094 24.106 24.13 24.139 24.134 24.127 24.154 24.15 24.125 24.105 24.114 24.119 24.117 24.107 24.099 24.07 24.041 24.032 24.023 24.026 24.02 24.023 24.029 24.045 24.074 24.083 24.104 24.136 24.159 24.174 24.173 24.243 24.367 24.441 24.441 24.297 24.122 25.004 24.764 24.699 24.691 24.704 24.624 24.59 24.679 24.777 24.818 24.9 24.839 24.835 24.854 24.885 24.888 24.857 24.832 24.89 24.94 24.818 23.674 23.983 24.593 24.707 24.739 24.745 24.837 24.722 24.735 24.3 23.853 24.115
24.107 24.091 24.082 24.101 24.125 24.124 24.129 24.109 24.129 24.118 24.12 24.092 24.098 24.091 24.092 24.1 24.084 24.066 24.049 24.042 24.031 24.017 24.02 24.017 24.009 24.044 24.085 24.089 24.111 24.148 24.167 24.181 24.16 24.194 24.336 24.41 24.424 24.395 26.609 30.839 25.436 24.979 24.716 24.674 24.616 24.564 24.626 24.714 24.954 24.883 24.797 24.768 24.843 24.882 24.872 24.85 24.829 24.857 24.959 24.935 24.566 23.881 24.371 24.754 24.776 24.773 24.795 24.826 24.818 24.812 24.688 24.483
24.082 24.076 24.069 24.076 24.099 24.115 24.106 24.108 24.113 24.105 24.104 24.092 24.086 24.077 24.076 24.076 24.077 24.065 24.048 24.048 24.031 24.027 24.045 24.051 24.04 24.057 24.09 24.102 24.131 24.15 24.177 24.186 24.175 24.181 24.275 24.384 24.416 24.591 27.38 29.166 27.397 29.013 25.512 24.707 24.633 24.545 24.588 24.671 25.232 24.896 24.803 24.762 24.826 25.002 24.826 24.802 24.805 24.807 24.915 24.983 24.78 23.872 24.292 24.768 24.786 24.764 24.768 24.755 24.75 24.736 24.741 24.77
24.063 24.055 24.053 24.059 24.079 24.071 24.069 24.087 24.091 24.077 24.065 24.061 24.067 24.068 24.069 24.073 24.07 24.055 24.063 24.054 24.049 24.05 24.067 24.084 24.076 24.08 24.091 24.118 24.142 24.164 24.175 24.191 24.186 24.209 24.24 24.37 24.398 24.445 24.587 29.258 32.803 31.426 25.324 24.687 24.543 24.494 24.506 24.573 24.633 24.72 24.906 24.69 24.791 24.978 24.818 24.752 24.797 24.805 24.882 24.938 24.841 24.089 24.397 24.665 24.752 24.729 24.734 24.726 24.681 24.676 24.673 24.645
24.04 24.031 24.036 24.022 24.037 24.019 24.022 24.041 24.037 24.031 24.041 24.06 24.086 24.082 24.074 24.072 24.076 24.069 24.08 24.059 24.053 24.063 24.06 24.084 24.107 24.092 24.097 24.128 24.157 24.179 24.19 24.206 24.209 24.206 24.226 24.363 24.403 24.425 25.358 31.579 32.114 26.493 24.647 24.629 24.528 24.496 24.49 24.538 24.54 24.517 24.578 24.583 24.689 24.866 24.816 24.72 24.771 24.834 24.845 24.856 24.73 26.289 27.769 24.599 24.678 24.703 24.72 24.696 24.621 24.586 24.605 24.617
24.019 24.021 24.007 23.993 23.996 24.001 24.023 24.015 24.026 24.045 24.067 24.07 24.076 24.089 24.071 24.064 24.061 24.055 24.063 24.067 24.051 24.048 24.063 24.086 24.108 24.102 24.108 24.147 24.171 24.166 24.211 24.221 24.21 24.205 24.211 24.301 24.428 24.417 26.263 31.213 30.476 25.774 24.583 24.65 24.76 24.611 24.497 24.545 24.553 24.539 24.563 24.577 24.631 24.706 24.709 24.666 24.746 24.792 24.765 24.804 24.751 25.56 27.939 24.717 24.61 24.679 24.709 24.681 24.603 24.566 24.556 24.544
24.01 24.001 23.991 23.993 23.998 24.02 24.032 24.04 24.036 24.054 24.046 24.05 24.051 24.071 24.061 24.034 24.044 24.049 24.051 24.053 24.057 24.067 24.074 24.087 24.095 24.083 24.105 24.141 24.173 24.182 24.202 24.207 24.216 24.221 24.227 24.323 24.434 24.429 24.623 25.518 25.486 24.704 24.597 25.07 25.777 25.721 24.759 24.557 24.569 24.591 24.603 24.602 24.615 24.67 24.689 24.711 24.738 24.729 24.743 24.806 24.808 24.339 23.593 24.278 24.555 24.656 24.694 24.681 24.611 24.544 24.535 24.486
24.042 24.038 24.009 24.004 24.024 24.041 24.037 24.037 24.047 24.045 24.028 24.031 24.044 24.055 24.033 24.004 24.045 24.056 24.04 24.037 24.035 24.056 24.052 24.061 24.082 24.098 24.107 24.134 24.177 24.201 24.219 24.23 24.216 24.206 24.215 24.273 24.395 24.421 24.427 24.305 24.843 25.196 24.562 24.827 25.149 25.462 24.74 24.601 24.583 24.566 24.638 24.579 24.634 24.639 24.676 24.717 24.763 24.737 24.725 24.793 24.833 24.503 23.744 24.047 24.532 24.625 24.658 24.671 24.617 24.541 24.506 24.445
24.053 24.054 24.032 24.014 24.021 24.028 24.029 24.034 24.043 24.044 24.035 24.031 24.015 24.03 24.025 24.008 24.018 24.037 24.032 24.014 24.017 24.041 24.051 24.06 24.093 24.101 24.108 24.127 24.169 24.209 24.229 24.236 24.219 24.206 24.226 24.263 24.329 24.393 24.421 24.395 24.287 24.564 24.491 24.54 24.601 24.687 24.561 24.555 24.602 24.5 24.542 24.539 24.518 24.56 24.655 24.677 24.739 24.747 24.687 24.759 24.846 24.666 24.03 23.648 24.507 24.624 24.618 24.646 24.616 24.538 24.476 24.414
24.037 24.048 24.039 24.04 24.035 24.024 24.031 24.035 24.046 24.046 24.045 24.024 24.004 24.031 24.039 24.019 24.007 24.022 24.025 24.017 24.034 24.036 24.049 24.065 24.097 24.122 24.108 24.119 24.152 24.187 24.213 24.242 24.238 24.207 24.216 24.245 24.279 24.366 24.389 24.397 24.193 24.624 24.533 24.427 24.469 24.426 24.452 24.49 24.484 24.479 24.494 24.479 24.5 24.624 24.699 24.631 24.725 24.72 24.717 24.772 24.807 25.01 24.403 23.514 24.382 24.613 24.585 24.613 24.584 24.531 24.477 24.416
24.033 24.044 24.034 24.023 24.023 24.028 24.013 24.003 24.005 24.006 24.016 24.015 24.014 24.043 24.054 24.034 24.041 24.048 24.051 24.053 24.063 24.059 24.067 24.078 24.094 24.111 24.117 24.117 24.136 24.165 24.188 24.225 24.216 24.217 24.216 24.211 24.243 24.313 24.337 24.396 24.256 24.421 24.547 24.529 24.764 24.52 24.402 24.396 24.451 24.469 24.482 24.455 24.482 24.651 24.64 24.613 24.695 24.72 24.712 24.713 24.811 26.03 25.166 23.628 24.118 24.568 24.583 24.603 24.59 24.552 24.486 24.424
24.044 24.035 24.018 24 24.001 24.013 24.011 24.004 24.013 24.02 24.031 24.025 24.046 24.06 24.076 24.055 24.054 24.052 24.05 24.072 24.082 24.082 24.084 24.084 24.097 24.126 24.117 24.111 24.13 24.141 24.177 24.211 24.193 24.204 24.201 24.188 24.201 24.264 24.307 24.347 24.281 24.328 24.735 24.53 24.86 24.555 24.418 24.401 24.448 24.48 24.49 24.467 24.464 24.569 24.566 24.562 24.635 24.692 24.696 24.709 24.75 25.224 24.946 23.802 23.716 24.456 24.562 24.585 24.59 24.542 24.481 24.416
24.039 24.043 24.038 24.022 24.03 24.039 24.045 24.037 24.034 24.039 24.047 24.038 24.05 24.051 24.057 24.065 24.053 24.053 24.066 24.076 24.086 24.098 24.094 24.096 24.114 24.119 24.125 24.113 24.108 24.116 24.163 24.179 24.186 24.192 24.185 24.185 24.193 24.247 24.292 24.339 24.337 24.17 24.382 24.363 24.529 24.543 24.475 24.492 24.484 24.502 24.554 24.497 24.486 24.525 24.551 24.545 24.591 24.649 24.676 24.711 24.795 24.818 24.711 24.34 24.495 24.505 24.554 24.583 24.591 24.535 24.506 24.464
24.054 24.071 24.061 24.061 24.047 24.024 24.043 24.07 24.062 24.065 24.058 24.068 24.074 24.078 24.076 24.097 24.095 24.074 24.078 24.07 24.069 24.095 24.097 24.094 24.096 24.119 24.111 24.1 24.097 24.113 24.133 24.149 24.169 24.184 24.174 24.173 24.178 24.233 24.296 24.337 24.361 24.187 24.006 23.895 24.314 24.492 24.512 24.547 24.524 24.511 24.58 24.594 24.45 24.443 24.458 24.561 24.554 24.642 24.701 24.759 24.85 24.851 24.855 24.425 25.767 24.961 24.562 24.561 24.571 24.516 24.496 24.462
24.074 24.085 24.075 24.073 24.072 24.059 24.081 24.097 24.092 24.103 24.092 24.106 24.105 24.1 24.1 24.103 24.099 24.084 24.099 24.08 24.075 24.091 24.08 24.074 24.088 24.117 24.11 24.107 24.098 24.101 24.129 24.152 24.155 24.181 24.169 24.155 24.164 24.231 24.284 24.312 24.359 24.323 24.003 23.913 24.337 24.574 24.566 24.537 24.557 24.569 24.531 24.53 24.437 24.391 24.36 24.494 24.59 24.636 24.726 24.751 24.764 24.846 25.076 24.422 24.648 24.865 24.525 24.538 24.551 24.52 24.473 24.443
24.09 24.08 24.091 24.087 24.077 24.092 24.11 24.122 24.115 24.125 24.131 24.138 24.125 24.106 24.101 24.086 24.093 24.099 24.086 24.084 24.071 24.066 24.078 24.068 24.089 24.107 24.134 24.13 24.108 24.111 24.13 24.16 24.165 24.163 24.158 24.159 24.164 24.195 24.255 24.321 24.361 24.347 24.127 24.257 24.43 24.637 25.185 24.774 24.558 24.6 24.593 24.68 24.554 24.413 24.386 24.497 24.569 24.617 24.685 24.775 24.856 24.928 25.119 24.668 24.36 24.805 24.521 24.516 24.516 24.512 24.474 24.444
24.106 24.088 24.103 24.087 24.078 24.117 24.119 24.14 24.14 24.135 24.151 24.157 24.152 24.144 24.137 24.114 24.121 24.106 24.1 24.104 24.085 24.06 24.072 24.067 24.082 24.101 24.141 24.133 24.129 24.131 24.144 24.163 24.172 24.161 24.156 24.15 24.157 24.172 24.245 24.317 24.348 24.343 24.215 25.043 24.651 24.562 24.967 24.787 24.549 24.59 24.66 24.679 24.629 24.559 24.459 24.56 24.591 24.592 24.625 24.734 25.075 24.86 24.95 24.815 24.368 25.87 24.791 24.492 24.514 24.509 24.474 24.468
24.137 24.12 24.125 24.117 24.106 24.118 24.13 24.141 24.165 24.15 24.167 24.17 24.171 24.169 24.16 24.132 24.126 24.118 24.117 24.103 24.085 24.052 24.053 24.07 24.08 24.099 24.121 24.131 24.126 24.139 24.151 24.157 24.157 24.135 24.158 24.163 24.161 24.177 24.249 24.314 24.324 24.347 24.22 24.109 24.335 24.646 24.875 24.648 24.675 24.582 24.64 24.621 24.664 24.712 24.465 24.55 24.573 24.627 24.63 24.683 24.763 24.698 24.78 24.76 24.404 26.604 25.335 24.481 24.509 24.501 24.479 24.452
24.152 24.145 24.137 24.135 24.111 24.116 24.116 24.148 24.161 24.178 24.193 24.165 24.18 24.162 24.147 24.159 24.145 24.147 24.13 24.112 24.075 24.06 24.04 24.055 24.074 24.102 24.103 24.127 24.141 24.151 24.159 24.155 24.168 24.15 24.177 24.167 24.165 24.182 24.244 24.303 24.322 24.351 24.29 24.097 24.45 24.589 24.693 24.714 24.631 24.606 24.692 24.713 24.649 24.629 24.437 24.503 24.547 24.61 24.649 24.653 24.632 24.648 24.689 24.696 24.555 24.474 24.065 24.453 24.463 24.479 24.472 24.433
