StarCarr/ta02801_DSM_2M.asc
ncols 500
nrows 1000
xllcorner    502000
yllcorner    480000
cellsize     2
NODATA_value -9999
[rows 864 to 895 of 1000, columns 0 to 71 of 500]
26.27 26.251 26.26 26.34 26.356 26.262 26.219 26.171 26.133 26.116 26.107 26.112 26.104 26.076 26.065 26.068 26.063 26.052 26.017 25.981 25.998 26 26.006 26.005 26.025 26.032 26.034 26.065 26.118 26.125 26.135 26.101 26.07 26.054 26.05 26.043 26.049 26.059 26.081 26.103 26.126 26.153 26.159 26.179 26.211 26.24 26.282 26.32 26.366 26.381 26.457 26.526 26.591 26.667 26.763 26.835 26.889 26.96 27.061 27.123 27.26 27.327 27.465 27.73 28.413 28.921 29.135 29.049 29.005 28.971 28.929 28.991
26.344 26.244 26.258 26.193 26.148 26.148 26.1 26.088 26.083 26.056 26.028 26.021 26.009 26.006 25.989 25.975 25.967 25.948 25.919 25.911 25.93 25.933 25.933 25.947 25.974 25.975 26.007 26.022 26.038 26.048 26.075 26.047 26.034 26.024 26.033 26.019 26.036 26.067 26.086 26.108 26.144 26.149 26.167 26.187 26.203 26.253 26.287 26.329 26.353 26.427 26.482 26.568 26.619 26.696 26.732 26.782 26.879 26.977 27.063 27.119 27.234 27.335 27.448 27.627 28.286 28.88 29.131 29.102 29.019 28.985 28.941 28.996
26.246 26.196 26.153 26.134 26.109 26.081 26.049 26.028 26.006 25.995 25.965 25.971 25.958 25.948 25.904 25.881 25.875 25.888 25.87 25.855 25.869 25.882 25.882 25.894 25.921 25.926 25.977 25.984 25.994 26.004 26.026 26.019 25.998 25.993 26.008 26.011 26.029 26.064 26.074 26.099 26.136 26.151 26.184 26.21 26.248 26.265 26.281 26.334 26.379 26.432 26.495 26.564 26.607 26.669 26.736 26.812 26.885 27.013 27.062 27.126 27.227 27.348 27.442 27.593 28.11 28.749 29.108 29.098 29.029 28.99 28.954 28.953
26.177 26.141 26.105 26.086 26.057 26.011 25.99 25.976 25.954 25.932 25.922 25.91 25.902 25.877 25.853 25.836 25.84 25.845 25.844 25.824 25.824 25.841 25.829 25.848 25.866 25.882 25.929 25.939 25.965 25.971 25.983 25.977 25.968 25.971 25.986 26.009 26.042 26.051 26.07 26.111 26.158 26.175 26.206 26.233 26.241 26.264 26.283 26.313 26.371 26.426 26.495 26.583 26.626 26.696 26.76 26.833 26.926 27.052 27.088 27.135 27.231 27.356 27.441 27.569 28.011 28.682 29.084 29.127 29.05 29.006 28.961 28.95
26.108 26.081 26.055 26.041 26.013 25.97 25.957 25.925 25.899 25.881 25.875 25.869 25.852 25.833 25.853 25.835 25.82 25.795 25.797 25.796 25.814 25.826 25.824 25.839 25.839 25.881 25.895 25.904 25.927 25.941 25.951 25.959 25.965 25.953 25.974 26.021 26.076 26.081 26.102 26.131 26.177 26.184 26.187 26.199 26.226 26.247 26.276 26.336 26.393 26.453 26.51 26.565 26.652 26.704 26.768 26.825 26.893 26.996 27.071 27.143 27.225 27.339 27.44 27.554 27.835 28.534 29.045 29.126 29.055 29.012 28.97 28.945
26.076 26.071 26.052 26.008 25.99 25.975 25.959 25.903 25.884 25.873 25.872 25.854 25.842 25.825 25.827 25.817 25.807 25.799 25.796 25.794 25.8 25.805 25.804 25.84 25.831 25.875 25.866 25.873 25.905 25.936 25.944 25.959 25.975 25.976 25.99 26.021 26.042 26.07 26.094 26.119 26.158 26.195 26.223 26.22 26.229 26.242 26.294 26.343 26.422 26.469 26.533 26.587 26.668 26.706 26.756 26.822 26.902 26.986 27.072 27.118 27.212 27.325 27.42 27.549 27.794 28.448 29.066 29.111 29.072 29.014 28.991 28.93
26.018 26.021 26.002 25.978 25.986 25.988 25.975 25.951 25.921 25.899 25.882 25.854 25.823 25.808 25.804 25.798 25.798 25.793 25.802 25.796 25.8 25.796 25.808 25.832 25.835 25.823 25.827 25.865 25.901 25.928 25.928 25.946 25.97 25.969 25.991 26.005 26.032 26.073 26.123 26.172 26.177 26.209 26.211 26.215 26.223 26.247 26.287 26.363 26.416 26.487 26.548 26.598 26.682 26.726 26.783 26.848 26.919 26.988 27.065 27.124 27.23 27.316 27.407 27.533 27.776 28.348 28.947 29.116 29.073 29.005 28.978 28.928
26.007 26.032 26.048 26.053 26.051 26.092 26.06 26.042 26 25.935 25.901 25.871 25.818 25.809 25.801 25.789 25.794 25.795 25.793 25.791 25.79 25.795 25.801 25.815 25.815 25.804 25.82 25.819 25.848 25.88 25.896 25.919 25.96 25.986 25.996 26.026 26.057 26.089 26.142 26.185 26.19 26.214 26.222 26.223 26.234 26.269 26.305 26.371 26.448 26.529 26.569 26.612 26.686 26.722 26.791 26.846 26.904 26.96 27.069 27.129 27.212 27.319 27.413 27.513 27.732 28.259 28.894 29.111 29.066 29.007 28.982 28.941
26.034 26.064 26.129 26.16 26.165 26.188 26.192 26.141 26.098 26.029 25.981 25.919 25.856 25.813 25.801 25.795 25.793 25.79 25.792 25.789 25.802 25.795 25.81 25.831 25.8 25.795 25.792 25.814 25.838 25.842 25.888 25.914 25.945 25.965 25.988 26.023 26.081 26.125 26.159 26.189 26.225 26.238 26.274 26.263 26.243 26.286 26.325 26.364 26.442 26.513 26.581 26.642 26.685 26.748 26.797 26.856 26.908 26.982 27.081 27.137 27.214 27.306 27.422 27.512 27.689 28.169 28.795 29.147 29.086 29.021 28.977 28.941
26.056 26.149 26.206 26.257 26.301 26.315 26.289 26.257 26.204 26.113 26.055 25.975 25.923 25.873 25.832 25.811 25.803 25.793 25.791 25.784 25.795 25.802 25.789 25.8 25.803 25.8 25.8 25.811 25.827 25.847 25.886 25.911 25.936 25.954 25.984 26.039 26.101 26.141 26.182 26.231 26.249 26.264 26.288 26.276 26.275 26.313 26.328 26.388 26.444 26.519 26.568 26.65 26.688 26.76 26.786 26.836 26.9 26.955 27.056 27.141 27.191 27.276 27.401 27.505 27.6 27.954 28.691 29.176 29.11 29.019 28.992 28.958
26.107 26.219 26.291 26.38 26.386 26.397 26.389 26.369 26.312 26.224 26.163 26.047 25.997 25.938 25.881 25.848 25.814 25.802 25.799 25.784 25.789 25.78 25.786 25.794 25.818 25.807 25.798 25.801 25.825 25.859 25.891 25.913 25.954 25.962 25.992 26.041 26.1 26.152 26.188 26.221 26.259 26.287 26.293 26.302 26.313 26.332 26.372 26.415 26.461 26.52 26.566 26.639 26.679 26.729 26.791 26.848 26.901 26.981 27.065 27.119 27.172 27.264 27.365 27.489 27.594 27.919 28.631 29.097 29.146 29.035 29.002 28.963
26.164 26.229 26.321 26.411 26.442 26.472 26.486 26.457 26.398 26.316 26.208 26.112 26.021 25.946 25.914 25.846 25.833 25.801 25.796 25.79 25.781 25.79 25.783 25.797 25.813 25.81 25.813 25.814 25.832 25.854 25.891 25.917 25.949 25.968 25.997 26.059 26.142 26.191 26.223 26.253 26.282 26.298 26.307 26.329 26.329 26.354 26.371 26.412 26.45 26.495 26.569 26.62 26.672 26.743 26.786 26.842 26.887 26.944 27.023 27.103 27.164 27.223 27.317 27.449 27.584 27.842 28.445 29.019 29.137 29.05 29.014 28.982
26.215 26.313 26.392 26.454 26.498 26.516 26.512 26.475 26.438 26.356 26.242 26.117 26.037 25.958 25.897 25.837 25.802 25.805 25.791 25.783 25.788 25.793 25.788 25.788 25.797 25.799 25.815 25.824 25.84 25.874 25.905 25.912 25.949 25.971 26.018 26.083 26.166 26.224 26.273 26.295 26.306 26.321 26.331 26.35 26.347 26.364 26.388 26.419 26.483 26.5 26.562 26.635 26.685 26.745 26.817 26.86 26.909 26.961 27.007 27.076 27.152 27.219 27.306 27.446 27.558 27.768 28.344 28.957 29.138 29.081 29.017 28.989
26.215 26.3 26.386 26.444 26.476 26.509 26.5 26.46 26.421 26.334 26.263 26.164 26.064 25.96 25.893 25.842 25.812 25.802 25.785 25.79 25.778 25.792 25.801 25.794 25.807 25.802 25.808 25.829 25.856 25.875 25.914 25.926 25.939 25.989 26.026 26.1 26.164 26.234 26.273 26.304 26.319 26.32 26.344 26.36 26.396 26.405 26.415 26.435 26.485 26.519 26.568 26.637 26.694 26.745 26.795 26.865 26.915 26.945 27.008 27.065 27.115 27.196 27.315 27.428 27.549 27.681 28.16 28.871 29.153 29.113 29.029 29.001
26.14 26.21 26.308 26.374 26.419 26.436 26.447 26.433 26.392 26.334 26.242 26.182 26.072 25.965 25.908 25.849 25.819 25.795 25.806 25.811 25.794 25.808 25.811 25.808 25.815 25.829 25.831 25.849 25.858 25.885 25.912 25.92 25.94 25.985 26.021 26.108 26.167 26.234 26.277 26.305 26.332 26.331 26.365 26.392 26.418 26.467 26.462 26.476 26.479 26.52 26.553 26.603 26.683 26.744 26.789 26.839 26.901 26.931 27.008 27.066 27.109 27.147 27.262 27.389 27.508 27.658 28.043 28.828 29.129 29.133 29.053 29.027
26.052 26.099 26.185 26.297 26.344 26.359 26.39 26.391 26.346 26.299 26.214 26.139 26.043 25.967 25.918 25.858 25.811 25.816 25.824 25.804 25.798 25.809 25.823 25.826 25.828 25.839 25.842 25.85 25.85 25.881 25.919 25.921 25.95 25.971 26.013 26.084 26.178 26.26 26.301 26.328 26.352 26.376 26.396 26.431 26.451 26.475 26.466 26.469 26.467 26.491 26.529 26.597 26.681 26.738 26.788 26.826 26.894 26.929 26.988 27.062 27.132 27.184 27.248 27.359 27.494 27.661 28.099 28.763 29.13 29.144 29.083 29.026
25.943 26.037 26.091 26.174 26.212 26.256 26.282 26.283 26.232 26.21 26.116 26.094 26.006 25.935 25.883 25.842 25.825 25.805 25.818 25.818 25.813 25.817 25.82 25.827 25.829 25.82 25.836 25.85 25.857 25.884 25.901 25.917 25.955 25.984 26.045 26.121 26.199 26.292 26.329 26.347 26.377 26.406 26.417 26.429 26.426 26.44 26.459 26.459 26.457 26.493 26.523 26.57 26.638 26.707 26.796 26.862 26.908 26.94 27.004 27.065 27.117 27.191 27.245 27.344 27.472 27.561 27.985 28.674 29.144 29.147 29.087 29.018
25.871 25.92 25.935 26.008 26.053 26.048 26.047 26.077 26.02 25.905 25.876 25.965 25.941 25.904 25.85 25.829 25.813 25.808 25.831 25.839 25.813 25.82 25.818 25.812 25.815 25.821 25.834 25.862 25.886 25.893 25.93 25.939 25.988 26.049 26.097 26.151 26.227 26.301 26.341 26.365 26.398 26.411 26.42 26.431 26.435 26.448 26.439 26.459 26.466 26.501 26.545 26.575 26.65 26.748 26.808 26.877 26.919 26.944 26.99 27.049 27.115 27.164 27.206 27.321 27.421 27.546 27.842 28.42 29.027 29.154 29.091 29.045
25.782 25.828 25.864 25.902 25.937 25.898 25.84 25.817 25.837 25.802 25.794 25.834 25.866 25.87 25.814 25.795 25.81 25.821 25.826 25.844 25.834 25.833 25.826 25.821 25.829 25.831 25.853 25.868 25.892 25.904 25.946 25.97 26.002 26.044 26.107 26.174 26.248 26.305 26.345 26.359 26.389 26.403 26.413 26.439 26.467 26.453 26.453 26.477 26.489 26.507 26.527 26.583 26.666 26.743 26.794 26.842 26.884 26.905 26.956 26.993 27.082 27.168 27.212 27.294 27.384 27.532 27.844 28.316 28.982 29.169 29.1 29.049
25.735 25.744 25.795 25.809 25.839 25.834 25.799 25.787 25.789 25.769 25.768 25.764 25.821 25.825 25.787 25.794 25.808 25.815 25.836 25.834 25.853 25.837 25.848 25.852 25.856 25.866 25.89 25.894 25.912 25.926 25.956 26.004 26.008 26.055 26.099 26.181 26.233 26.29 26.333 26.368 26.395 26.388 26.4 26.435 26.478 26.464 26.469 26.473 26.467 26.474 26.505 26.578 26.643 26.731 26.781 26.822 26.86 26.892 26.91 26.975 27.079 27.2 27.22 27.296 27.425 27.545 27.788 28.384 28.879 29.206 29.113 29.061
25.687 25.691 25.733 25.723 25.759 25.783 25.788 25.761 25.75 25.724 25.735 25.734 25.768 25.789 25.787 25.806 25.813 25.805 25.842 25.859 25.851 25.857 25.873 25.894 25.923 25.914 25.91 25.902 25.909 25.904 25.942 25.999 26.024 26.068 26.115 26.181 26.232 26.273 26.32 26.353 26.362 26.372 26.407 26.431 26.457 26.466 26.476 26.456 26.44 26.453 26.509 26.536 26.603 26.666 26.717 26.764 26.869 26.922 26.965 27.052 27.127 27.227 27.244 27.309 27.403 27.53 27.694 28.239 28.883 29.186 29.142 29.076
25.69 25.675 25.706 25.698 25.711 25.723 25.74 25.733 25.719 25.731 25.747 25.76 25.787 25.788 25.8 25.815 25.832 25.829 25.856 25.871 25.888 25.898 25.922 25.962 25.957 25.957 25.934 25.943 25.927 25.932 25.964 25.988 26.027 26.068 26.128 26.181 26.23 26.278 26.326 26.358 26.365 26.388 26.393 26.412 26.456 26.472 26.48 26.466 26.424 26.421 26.464 26.536 26.577 26.649 26.748 26.804 26.883 26.944 26.997 27.067 27.155 27.227 27.27 27.349 27.437 27.545 27.688 28.102 28.857 29.176 29.158 29.076
25.668 25.681 25.68 25.664 25.678 25.7 25.726 25.732 25.713 25.737 25.778 25.763 25.803 25.805 25.816 25.842 25.867 25.868 25.878 25.886 25.896 25.909 25.96 25.987 26.007 26.007 26.006 25.994 25.981 25.965 25.98 25.999 26.035 26.073 26.125 26.162 26.211 26.277 26.309 26.336 26.36 26.366 26.373 26.4 26.41 26.425 26.434 26.433 26.42 26.447 26.485 26.551 26.594 26.643 26.76 26.818 26.906 26.949 27.015 27.082 27.143 27.214 27.27 27.326 27.441 27.532 27.663 28.111 28.756 29.145 29.179 29.094
25.667 25.68 25.685 25.696 25.685 25.696 25.721 25.743 25.744 25.762 25.827 25.811 25.828 25.841 25.851 25.871 25.857 25.882 25.91 25.928 25.937 25.974 26.011 26.021 26.052 26.058 26.042 26.018 26.005 26.006 26.004 26.012 26.037 26.09 26.144 26.16 26.205 26.26 26.282 26.324 26.338 26.328 26.335 26.359 26.399 26.432 26.438 26.464 26.45 26.461 26.485 26.541 26.59 26.654 26.733 26.82 26.902 26.983 27.019 27.105 27.143 27.197 27.258 27.322 27.439 27.551 27.672 27.887 28.571 29.154 29.175 29.116
25.648 25.654 25.661 25.683 25.688 25.691 25.703 25.758 25.775 25.788 25.824 25.813 25.833 25.85 25.855 25.862 25.861 25.907 25.942 25.97 25.999 26.044 26.053 26.079 26.112 26.104 26.102 26.074 26.046 26.028 26.029 26.04 26.07 26.106 26.148 26.162 26.195 26.237 26.259 26.279 26.333 26.344 26.357 26.395 26.412 26.43 26.429 26.444 26.45 26.465 26.485 26.53 26.59 26.643 26.727 26.807 26.911 26.996 27.039 27.093 27.127 27.188 27.278 27.351 27.431 27.536 27.639 27.847 28.477 29.092 29.181 29.138
25.668 25.689 25.705 25.704 25.694 25.697 25.724 25.732 25.747 25.771 25.805 25.825 25.848 25.86 25.886 25.898 25.915 25.941 25.984 26.008 26.044 26.083 26.102 26.119 26.158 26.153 26.136 26.113 26.074 26.062 26.05 26.076 26.085 26.118 26.147 26.161 26.202 26.256 26.265 26.298 26.346 26.362 26.381 26.409 26.415 26.415 26.418 26.42 26.444 26.467 26.483 26.521 26.578 26.643 26.714 26.782 26.887 26.981 27.044 27.09 27.134 27.208 27.288 27.38 27.441 27.54 27.643 27.78 28.301 28.996 29.172 29.149
25.705 25.681 25.702 25.698 25.703 25.706 25.717 25.735 25.757 25.813 25.824 25.84 25.846 25.859 25.893 25.931 25.948 25.995 26.048 26.069 26.099 26.13 26.161 26.178 26.195 26.183 26.177 26.147 26.094 26.091 26.063 26.094 26.104 26.147 26.181 26.192 26.229 26.258 26.281 26.321 26.346 26.377 26.406 26.41 26.415 26.43 26.421 26.411 26.462 26.478 26.509 26.529 26.586 26.647 26.692 26.773 26.874 26.964 27.035 27.095 27.146 27.219 27.32 27.386 27.447 27.549 27.647 27.783 28.287 28.828 29.167 29.161
25.694 25.683 25.69 25.69 25.707 25.71 25.713 25.725 25.76 25.799 25.823 25.85 25.85 25.88 25.929 25.978 26.021 26.069 26.099 26.115 26.152 26.169 26.188 26.199 26.191 26.198 26.179 26.158 26.144 26.133 26.095 26.105 26.125 26.147 26.183 26.192 26.237 26.266 26.302 26.324 26.351 26.384 26.408 26.43 26.448 26.449 26.436 26.442 26.47 26.499 26.535 26.553 26.61 26.664 26.721 26.762 26.858 26.95 27.031 27.098 27.143 27.226 27.33 27.396 27.464 27.568 27.661 27.766 28.097 28.648 29.134 29.163
25.695 25.693 25.688 25.705 25.732 25.728 25.719 25.729 25.76 25.789 25.813 25.837 25.865 25.902 25.97 26.02 26.08 26.115 26.146 26.181 26.195 26.196 26.199 26.217 26.214 26.212 26.206 26.194 26.211 26.177 26.143 26.121 26.136 26.16 26.206 26.221 26.253 26.282 26.309 26.341 26.372 26.393 26.409 26.44 26.455 26.475 26.477 26.487 26.511 26.532 26.56 26.584 26.625 26.667 26.728 26.776 26.858 26.944 27.018 27.094 27.159 27.25 27.353 27.445 27.507 27.586 27.694 27.733 28.024 28.599 29.126 29.149
25.725 25.727 25.715 25.719 25.736 25.731 25.762 25.745 25.774 25.801 25.831 25.886 25.931 25.937 25.999 26.037 26.092 26.138 26.184 26.205 26.235 26.231 26.221 26.232 26.218 26.225 26.224 26.219 26.215 26.214 26.156 26.16 26.163 26.194 26.216 26.242 26.264 26.28 26.318 26.334 26.364 26.39 26.414 26.439 26.453 26.466 26.471 26.484 26.497 26.533 26.558 26.59 26.629 26.687 26.737 26.809 26.871 26.956 27.025 27.088 27.165 27.239 27.355 27.441 27.518 27.609 27.72 27.738 27.947 28.479 29.065 29.165
25.724 25.746 25.747 25.732 25.75 25.786 25.821 25.828 25.825 25.821 25.872 25.949 25.969 25.948 26.007 26.08 26.128 26.163 26.217 26.234 26.271 26.253 26.248 26.244 26.256 26.264 26.27 26.25 26.211 26.178 26.146 26.177 26.181 26.202 26.209 26.245 26.258 26.285 26.313 26.334 26.375 26.415 26.442 26.45 26.453 26.469 26.472 26.484 26.487 26.528 26.578 26.612 26.644 26.702 26.755 26.818 26.881 26.941 27.042 27.091 27.172 27.241 27.355 27.455 27.541 27.626 27.705 27.755 27.869 28.413 28.927 29.19
25.761 25.83 25.826 25.793 25.826 25.849 25.941 25.976 25.904 25.893 25.95 26.011 26.003 26.011 26.077 26.126 26.19 26.221 26.261 26.272 26.297 26.284 26.272 26.286 26.284 26.287 26.279 26.251 26.221 26.171 26.16 26.185 26.206 26.22 26.235 26.254 26.28 26.311 26.322 26.347 26.374 26.403 26.439 26.446 26.477 26.508 26.511 26.494 26.506 26.535 26.569 26.619 26.665 26.704 26.76 26.834 26.898 26.946 27.028 27.092 27.177 27.246 27.356 27.444 27.511 27.62 27.708 27.779 27.84 28.297 28.896 29.191
