StarCarr/ta0280_DSM_2M.asc
ncols 500
nrows 500
xllcorner    502000
yllcorner    480000
cellsize     2
NODATA_value -9999
[rows 32 to 63 of 500, columns 216 to 287 of 500]
24.636 24.634 24.653 24.579 24.661 24.648 24.711 24.691 24.684 24.681 24.5 24.255 24.056 23.783 23.566 23.774 23.612 23.969 24.24 24.495 24.456 24.488 24.551 24.601 24.62 24.714 24.732 24.826 24.831 24.891 24.883 24.96 24.936 24.953 24.948 24.956 24.971 25 25.024 25.025 25.042 25.029 25.037 25.013 24.987 24.989 24.988 24.986 24.998 25.001 24.984 24.982 24.95 24.939 24.923 24.947 24.961 24.981 24.991 25.01 25.006 24.977 24.954 24.972 24.968 24.993 24.972 24.955 24.935 24.917 24.891 24.837
24.686 24.689 24.707 24.693 24.616 24.544 24.404 24.183 23.836 23.648 23.288 23.697 23.383 24.069 24.133 24.344 24.313 24.394 24.383 24.385 24.366 24.418 24.517 24.547 24.636 24.67 24.738 24.792 24.827 24.865 24.892 24.905 24.934 24.959 24.957 24.982 24.965 24.994 25.01 25.011 25.028 25.014 25.011 25.003 24.99 24.977 24.961 24.964 24.96 24.961 24.968 24.971 24.965 24.918 24.895 24.93 24.932 24.951 24.934 24.975 24.954 24.939 24.93 24.924 24.894 24.911 24.896 24.89 24.886 24.858 24.824 24.772
24.663 24.505 24.318 24.011 23.538 23.449 23.293 23.438 23.495 23.808 24.134 24.297 24.337 24.384 24.265 24.271 24.215 24.288 24.278 24.359 24.367 24.423 24.532 24.531 24.626 24.64 24.741 24.745 24.799 24.813 24.909 24.876 24.945 24.891 24.958 24.961 24.984 24.982 24.995 25.018 25.014 25.013 25.003 24.986 24.988 24.971 24.952 24.976 24.976 24.949 24.973 24.952 24.914 24.89 24.879 24.878 24.87 24.88 24.871 24.887 24.887 24.891 24.896 24.89 24.862 24.849 24.851 24.849 24.832 24.799 24.749 24.717
23.677 23.582 23.238 23.169 23.313 23.88 24.177 24.373 24.217 24.237 24.18 24.21 24.206 24.223 24.215 24.241 24.256 24.301 24.271 24.36 24.381 24.434 24.487 24.524 24.59 24.628 24.733 24.741 24.799 24.785 24.866 24.876 24.914 24.915 24.955 24.959 24.966 24.967 24.969 24.988 24.99 25.011 24.999 25.013 24.997 24.995 24.976 24.961 24.962 24.956 24.936 24.909 24.872 24.862 24.862 24.833 24.83 24.818 24.842 24.823 24.833 24.831 24.833 24.811 24.827 24.766 24.78 24.783 24.762 24.714 24.682 24.638
23.415 23.492 24.082 24.161 24.142 24.094 24.186 24.164 24.135 24.103 24.15 24.143 24.193 24.176 24.254 24.221 24.251 24.247 24.295 24.328 24.354 24.433 24.495 24.554 24.575 24.659 24.702 24.747 24.778 24.824 24.879 24.878 24.892 24.907 24.93 24.948 24.953 24.964 24.954 24.988 25.001 25.006 25.02 25.016 25 24.988 24.98 24.953 24.935 24.894 24.887 24.859 24.843 24.828 24.813 24.785 24.779 24.783 24.791 24.777 24.78 24.774 24.764 24.742 24.727 24.698 24.699 24.69 24.667 24.637 24.578 24.557
24.194 24.076 24.095 24.058 24.097 24.032 24.1 24.066 24.153 24.118 24.181 24.161 24.216 24.166 24.255 24.21 24.26 24.242 24.306 24.337 24.387 24.459 24.497 24.556 24.583 24.657 24.692 24.777 24.788 24.844 24.842 24.887 24.877 24.919 24.946 24.983 25 25.013 24.991 25.023 25.016 25.015 25.005 24.995 24.986 24.954 24.931 24.895 24.867 24.849 24.837 24.829 24.798 24.785 24.755 24.736 24.731 24.746 24.741 24.733 24.72 24.718 24.688 24.665 24.635 24.611 24.603 24.604 24.551 24.548 24.528 24.508
24.111 24.046 24.055 24.032 24.088 24.055 24.121 24.093 24.149 24.121 24.161 24.148 24.219 24.199 24.254 24.233 24.289 24.261 24.334 24.353 24.431 24.422 24.543 24.53 24.587 24.648 24.68 24.738 24.762 24.824 24.833 24.894 24.919 24.951 24.964 24.982 24.978 24.993 24.999 25.004 24.992 24.974 24.972 24.943 24.934 24.921 24.879 24.853 24.853 24.815 24.787 24.782 24.768 24.757 24.723 24.686 24.699 24.698 24.696 24.667 24.657 24.651 24.591 24.566 24.549 24.524 24.512 24.521 24.498 24.487 24.491 24.496
24.119 24.08 24.117 24.089 24.118 24.098 24.143 24.141 24.159 24.16 24.13 24.16 24.178 24.207 24.242 24.253 24.257 24.26 24.287 24.349 24.407 24.445 24.48 24.541 24.57 24.588 24.652 24.681 24.775 24.81 24.862 24.914 24.941 24.954 24.937 24.947 24.949 24.962 24.97 24.971 24.964 24.954 24.938 24.912 24.887 24.868 24.844 24.808 24.786 24.758 24.745 24.731 24.729 24.718 24.694 24.669 24.652 24.661 24.635 24.613 24.582 24.569 24.518 24.493 24.478 24.47 24.475 24.475 24.461 24.46 24.458 24.47
24.167 24.128 24.137 24.131 24.122 24.138 24.107 24.132 24.112 24.157 24.154 24.183 24.184 24.218 24.187 24.257 24.207 24.284 24.25 24.328 24.358 24.414 24.408 24.468 24.559 24.564 24.649 24.636 24.73 24.764 24.823 24.869 24.904 24.907 24.921 24.935 24.916 24.93 24.929 24.928 24.946 24.93 24.903 24.884 24.854 24.823 24.804 24.765 24.736 24.718 24.695 24.701 24.689 24.7 24.671 24.637 24.603 24.597 24.564 24.535 24.496 24.485 24.461 24.446 24.448 24.424 24.425 24.437 24.435 24.421 24.426 24.439
24.144 24.189 24.145 24.175 24.124 24.153 24.09 24.136 24.095 24.149 24.146 24.196 24.149 24.239 24.172 24.249 24.22 24.258 24.255 24.307 24.34 24.417 24.411 24.461 24.531 24.537 24.598 24.624 24.705 24.738 24.754 24.793 24.84 24.84 24.869 24.861 24.872 24.873 24.9 24.891 24.904 24.895 24.88 24.862 24.81 24.786 24.765 24.711 24.681 24.655 24.638 24.664 24.676 24.646 24.613 24.601 24.565 24.519 24.493 24.457 24.454 24.413 24.407 24.392 24.401 24.412 24.416 24.416 24.431 24.429 24.418 24.429
24.147 24.213 24.16 24.201 24.129 24.182 24.137 24.125 24.122 24.127 24.162 24.161 24.18 24.191 24.197 24.192 24.194 24.241 24.236 24.307 24.334 24.404 24.447 24.474 24.518 24.544 24.575 24.643 24.676 24.703 24.719 24.723 24.767 24.8 24.83 24.818 24.839 24.873 24.868 24.867 24.884 24.872 24.842 24.811 24.756 24.723 24.668 24.637 24.615 24.596 24.582 24.59 24.598 24.59 24.558 24.531 24.473 24.453 24.43 24.38 24.372 24.361 24.375 24.352 24.353 24.372 24.383 24.38 24.434 24.435 24.432 24.439
24.148 24.178 24.14 24.09 24.13 24.148 24.132 24.077 24.128 24.106 24.161 24.134 24.187 24.168 24.227 24.193 24.263 24.22 24.284 24.312 24.375 24.391 24.443 24.489 24.523 24.561 24.6 24.63 24.637 24.661 24.695 24.711 24.757 24.777 24.79 24.807 24.817 24.843 24.833 24.841 24.819 24.785 24.767 24.685 24.637 24.625 24.594 24.562 24.531 24.516 24.52 24.527 24.515 24.502 24.49 24.434 24.405 24.377 24.353 24.319 24.33 24.318 24.333 24.338 24.333 24.364 24.366 24.385 24.438 24.455 24.455 24.467
24.141 24.125 24.102 24.055 24.106 24.087 24.109 24.047 24.119 24.116 24.171 24.155 24.213 24.203 24.24 24.206 24.262 24.237 24.302 24.289 24.368 24.404 24.424 24.446 24.499 24.537 24.585 24.608 24.623 24.628 24.651 24.677 24.709 24.733 24.753 24.768 24.766 24.796 24.773 24.774 24.746 24.687 24.644 24.58 24.545 24.526 24.495 24.451 24.46 24.451 24.421 24.432 24.416 24.423 24.401 24.364 24.318 24.31 24.319 24.282 24.285 24.288 24.334 24.35 24.36 24.378 24.382 24.39 24.416 24.423 24.439 24.457
24.12 24.058 24.076 24.016 24.065 24.038 24.092 24.08 24.162 24.132 24.213 24.204 24.224 24.236 24.259 24.257 24.268 24.297 24.326 24.309 24.356 24.388 24.426 24.44 24.475 24.513 24.551 24.568 24.596 24.632 24.614 24.629 24.655 24.651 24.676 24.704 24.706 24.716 24.715 24.707 24.663 24.606 24.544 24.482 24.47 24.438 24.407 24.37 24.347 24.35 24.355 24.328 24.341 24.342 24.313 24.299 24.303 24.266 24.267 24.261 24.268 24.287 24.328 24.357 24.357 24.369 24.381 24.417 24.41 24.434 24.461 24.463
24.097 24.031 24.08 24.035 24.09 24.113 24.138 24.127 24.161 24.165 24.208 24.229 24.239 24.25 24.265 24.25 24.267 24.266 24.313 24.305 24.329 24.368 24.386 24.404 24.44 24.488 24.519 24.523 24.535 24.574 24.564 24.565 24.55 24.575 24.603 24.615 24.628 24.633 24.633 24.636 24.591 24.505 24.448 24.412 24.405 24.341 24.309 24.298 24.286 24.27 24.284 24.298 24.302 24.308 24.296 24.29 24.264 24.255 24.255 24.274 24.263 24.287 24.32 24.334 24.341 24.359 24.39 24.4 24.41 24.439 24.474 24.477
24.08 24.054 24.085 24.085 24.103 24.134 24.158 24.168 24.17 24.186 24.22 24.226 24.254 24.24 24.242 24.242 24.258 24.264 24.277 24.289 24.302 24.32 24.341 24.373 24.381 24.414 24.443 24.458 24.47 24.488 24.496 24.491 24.477 24.486 24.503 24.517 24.534 24.547 24.561 24.526 24.473 24.407 24.357 24.326 24.304 24.265 24.257 24.239 24.236 24.239 24.248 24.258 24.252 24.272 24.266 24.26 24.266 24.273 24.258 24.269 24.271 24.294 24.302 24.33 24.338 24.353 24.392 24.411 24.416 24.441 24.47 24.477
24.084 24.072 24.086 24.102 24.104 24.132 24.147 24.168 24.188 24.194 24.21 24.228 24.24 24.235 24.251 24.262 24.246 24.251 24.267 24.268 24.264 24.292 24.301 24.329 24.333 24.361 24.385 24.392 24.379 24.386 24.396 24.386 24.421 24.402 24.422 24.431 24.421 24.413 24.419 24.405 24.361 24.316 24.28 24.252 24.237 24.219 24.224 24.231 24.223 24.229 24.227 24.221 24.233 24.254 24.248 24.262 24.257 24.261 24.271 24.279 24.259 24.273 24.287 24.311 24.336 24.351 24.365 24.385 24.425 24.445 24.457 24.46
24.067 24.05 24.057 24.075 24.091 24.111 24.144 24.171 24.174 24.181 24.205 24.21 24.203 24.211 24.219 24.208 24.193 24.217 24.214 24.264 24.256 24.257 24.264 24.273 24.275 24.291 24.3 24.304 24.301 24.304 24.306 24.314 24.314 24.327 24.326 24.311 24.323 24.317 24.317 24.328 24.292 24.277 24.242 24.222 24.211 24.22 24.221 24.225 24.226 24.208 24.216 24.209 24.213 24.215 24.224 24.236 24.237 24.25 24.266 24.283 24.282 24.278 24.296 24.296 24.324 24.344 24.368 24.394 24.414 24.438 24.467 24.453
24.05 24.008 24.017 24.059 24.064 24.108 24.111 24.142 24.149 24.179 24.17 24.165 24.161 24.18 24.169 24.175 24.175 24.189 24.209 24.209 24.202 24.212 24.233 24.219 24.216 24.226 24.22 24.211 24.236 24.233 24.244 24.231 24.229 24.248 24.267 24.27 24.257 24.25 24.233 24.234 24.232 24.243 24.236 24.216 24.214 24.206 24.201 24.209 24.21 24.22 24.218 24.212 24.212 24.206 24.21 24.218 24.23 24.235 24.232 24.263 24.271 24.282 24.3 24.303 24.328 24.333 24.355 24.388 24.429 24.48 24.493 24.5
24.036 24.016 24.034 24.02 24.036 24.057 24.063 24.089 24.081 24.084 24.09 24.112 24.12 24.163 24.144 24.122 24.132 24.14 24.146 24.154 24.186 24.184 24.192 24.174 24.174 24.173 24.161 24.167 24.166 24.158 24.179 24.172 24.195 24.204 24.206 24.224 24.217 24.199 24.207 24.217 24.205 24.212 24.23 24.22 24.218 24.213 24.21 24.202 24.203 24.18 24.18 24.195 24.195 24.19 24.196 24.204 24.224 24.227 24.22 24.253 24.272 24.284 24.303 24.309 24.343 24.349 24.365 24.414 24.452 24.487 24.503 24.496
24.061 24.015 24.019 24.025 24.018 24.043 24.058 24.06 24.057 24.057 24.052 24.057 24.09 24.077 24.064 24.061 24.073 24.087 24.106 24.099 24.124 24.13 24.121 24.122 24.118 24.109 24.104 24.113 24.115 24.121 24.151 24.184 24.19 24.179 24.191 24.196 24.216 24.194 24.209 24.228 24.213 24.209 24.221 24.213 24.21 24.207 24.206 24.205 24.205 24.199 24.189 24.191 24.202 24.192 24.211 24.21 24.224 24.238 24.24 24.252 24.275 24.273 24.288 24.296 24.331 24.347 24.373 24.428 24.454 24.488 24.493 24.509
24.079 24.082 24.05 24.051 24.042 24.052 24.051 24.057 24.049 24.018 24.023 24.009 24.014 24.003 23.998 24.013 24.018 24.029 24.043 24.036 24.065 24.069 24.084 24.088 24.084 24.086 24.094 24.109 24.108 24.114 24.122 24.147 24.168 24.183 24.185 24.184 24.187 24.209 24.235 24.239 24.221 24.208 24.23 24.221 24.228 24.225 24.221 24.217 24.212 24.212 24.203 24.205 24.201 24.19 24.202 24.214 24.227 24.236 24.231 24.24 24.274 24.284 24.295 24.304 24.337 24.38 24.409 24.448 24.46 24.483 24.518 24.542
24.072 24.088 24.086 24.093 24.101 24.097 24.071 24.053 24.054 24.027 23.998 23.975 23.973 23.952 23.954 23.959 23.954 23.971 24 24.033 24.033 24.055 24.061 24.069 24.075 24.083 24.088 24.098 24.099 24.115 24.12 24.14 24.159 24.167 24.184 24.187 24.189 24.196 24.226 24.249 24.237 24.211 24.216 24.221 24.227 24.226 24.212 24.204 24.215 24.222 24.216 24.21 24.214 24.208 24.208 24.228 24.245 24.246 24.246 24.246 24.269 24.282 24.293 24.316 24.338 24.368 24.402 24.44 24.453 24.485 24.505 24.538
24.128 24.079 24.098 24.114 24.156 24.144 24.127 24.098 24.066 24.013 23.983 23.965 23.937 23.907 23.916 23.919 23.914 23.95 23.973 24.02 24.032 24.053 24.054 24.065 24.074 24.076 24.085 24.098 24.115 24.121 24.136 24.143 24.154 24.152 24.178 24.184 24.187 24.205 24.219 24.231 24.223 24.218 24.222 24.216 24.222 24.224 24.231 24.235 24.239 24.225 24.224 24.231 24.221 24.222 24.225 24.241 24.253 24.256 24.253 24.267 24.277 24.284 24.306 24.327 24.367 24.362 24.398 24.438 24.474 24.488 24.506 24.517
24.204 24.064 24.134 24.118 24.159 24.171 24.159 24.142 24.102 24.023 23.991 23.973 23.944 23.93 23.913 23.914 23.954 23.962 23.965 24.002 24.028 24.041 24.051 24.056 24.085 24.088 24.084 24.1 24.11 24.11 24.129 24.14 24.168 24.171 24.193 24.192 24.194 24.21 24.227 24.235 24.225 24.228 24.24 24.227 24.243 24.226 24.235 24.251 24.244 24.235 24.251 24.245 24.227 24.242 24.248 24.243 24.259 24.264 24.268 24.28 24.285 24.291 24.317 24.346 24.365 24.375 24.409 24.425 24.472 24.49 24.495 24.499
24.226 23.785 24.153 24.245 24.205 24.197 24.182 24.156 24.126 24.09 24.052 23.996 23.961 23.94 23.924 23.923 23.939 23.954 23.968 23.992 24.014 24.019 24.05 24.067 24.094 24.099 24.104 24.118 24.124 24.118 24.132 24.152 24.174 24.191 24.193 24.187 24.19 24.206 24.21 24.214 24.21 24.216 24.232 24.242 24.254 24.27 24.255 24.26 24.248 24.244 24.26 24.266 24.266 24.271 24.268 24.271 24.27 24.276 24.275 24.289 24.291 24.294 24.32 24.34 24.367 24.385 24.417 24.432 24.463 24.475 24.487 24.511
23.917 23.811 24.153 23.741 23.941 24.251 24.218 24.184 24.149 24.153 24.127 24.054 24.011 23.978 23.951 23.943 23.936 23.956 23.975 23.979 23.989 24.009 24.046 24.076 24.098 24.107 24.126 24.134 24.134 24.147 24.152 24.15 24.16 24.171 24.187 24.183 24.176 24.188 24.197 24.207 24.202 24.224 24.239 24.242 24.254 24.25 24.264 24.263 24.252 24.236 24.24 24.243 24.252 24.273 24.264 24.266 24.272 24.268 24.287 24.273 24.283 24.298 24.316 24.316 24.349 24.392 24.412 24.424 24.441 24.432 24.479 24.5
24.194 23.993 24.045 23.768 23.551 23.86 24.146 24.164 24.176 24.163 24.138 24.12 24.075 24.051 23.994 23.986 23.964 23.957 23.98 23.976 23.997 24.011 24.048 24.088 24.081 24.116 24.126 24.129 24.14 24.154 24.158 24.169 24.166 24.16 24.179 24.189 24.18 24.188 24.19 24.194 24.201 24.22 24.225 24.229 24.241 24.243 24.254 24.25 24.23 24.233 24.228 24.234 24.245 24.258 24.274 24.26 24.273 24.268 24.291 24.28 24.264 24.289 24.321 24.321 24.334 24.351 24.373 24.395 24.411 24.428 24.459 24.483
24.368 24.468 24.738 24.138 23.864 23.8 23.736 23.744 24.143 24.243 24.155 24.153 24.103 24.085 24.05 24.042 24.026 24.005 24.004 23.991 24.014 24.03 24.057 24.085 24.102 24.125 24.115 24.131 24.159 24.178 24.184 24.197 24.179 24.182 24.179 24.187 24.178 24.195 24.176 24.182 24.191 24.208 24.217 24.23 24.231 24.23 24.244 24.234 24.222 24.231 24.23 24.241 24.237 24.24 24.251 24.256 24.264 24.276 24.277 24.273 24.26 24.273 24.283 24.292 24.307 24.325 24.336 24.362 24.407 24.436 24.455 24.493
24.394 24.934 25.881 24.484 24.287 24.183 23.993 23.988 24.069 24.296 24.517 24.537 24.222 24.129 24.094 24.09 24.079 24.079 24.062 24.045 24.054 24.069 24.085 24.095 24.093 24.117 24.131 24.139 24.165 24.169 24.189 24.194 24.193 24.195 24.176 24.171 24.166 24.167 24.17 24.177 24.174 24.187 24.21 24.231 24.222 24.224 24.232 24.23 24.223 24.228 24.228 24.23 24.242 24.248 24.263 24.276 24.266 24.28 24.273 24.281 24.277 24.289 24.276 24.286 24.309 24.327 24.338 24.384 24.399 24.433 24.465 24.494
24.404 24.503 25.34 24.682 24.462 24.485 24.404 24.281 25.09 26.297 25.407 25.167 24.234 24.184 24.177 24.13 24.128 24.128 24.126 24.116 24.108 24.13 24.107 24.114 24.108 24.12 24.135 24.139 24.156 24.164 24.179 24.166 24.152 24.161 24.175 24.168 24.16 24.166 24.166 24.167 24.174 24.176 24.196 24.211 24.207 24.21 24.219 24.232 24.233 24.241 24.245 24.242 24.249 24.248 24.262 24.284 24.26 24.267 24.281 24.283 24.287 24.281 24.286 24.3 24.321 24.328 24.329 24.371 24.424 24.436 24.473 24.511
24.471 24.478 24.543 24.499 24.481 24.56 24.533 24.441 24.697 24.534 24.226 23.954 23.804 24.123 24.216 24.195 24.198 24.182 24.151 24.155 24.159 24.163 24.148 24.154 24.141 24.138 24.138 24.146 24.144 24.14 24.151 24.155 24.134 24.13 24.14 24.126 24.142 24.15 24.159 24.156 24.159 24.172 24.176 24.188 24.191 24.214 24.215 24.232 24.233 24.236 24.243 24.236 24.245 24.24 24.246 24.257 24.251 24.263 24.273 24.27 24.289 24.285 24.296 24.303 24.324 24.337 24.352 24.384 24.416 24.437 24.465 24.493
