StarCarr/ta0281_DSM_2M.asc
ncols 500
nrows 500
xllcorner    502000
yllcorner    481000
cellsize     2
NODATA_value -9999
[rows 320 to 351 of 500, columns 72 to 143 of 500]
26.357 26.352 26.323 26.282 26.271 26.235 26.18 26.15 26.084 26.061 26.033 25.971 25.894 25.859 25.814 25.777 25.727 25.71 25.669 25.618 25.572 25.561 25.533 25.517 25.523 25.482 25.462 25.433 25.384 25.347 25.294 25.262 25.214 25.253 25.241 25.263 25.228 25.198 25.185 25.184 25.168 25.191 25.172 25.146 25.173 25.177 25.226 25.237 25.283 25.286 25.297 25.273 25.278 25.273 25.284 25.277 25.333 25.384 25.441 25.406 25.472 25.429 25.433 25.27 24.674 25.143 25.698 25.533 25.519 25.565 25.656 25.606
26.322 26.317 26.301 26.274 26.253 26.231 26.151 26.126 26.064 26.022 26.011 25.95 25.898 25.835 25.802 25.755 25.717 25.68 25.66 25.58 25.581 25.545 25.544 25.526 25.508 25.467 25.454 25.39 25.378 25.324 25.312 25.27 25.243 25.259 25.279 25.263 25.267 25.209 25.219 25.213 25.246 25.244 25.236 25.207 25.233 25.227 25.259 25.295 25.307 25.301 25.291 25.279 25.263 25.228 25.24 25.275 25.33 25.381 25.443 25.445 25.42 25.368 25.346 25.218 24.533 24.422 25.352 25.221 25.135 25.125 25.07 24.93
26.297 26.281 26.275 26.25 26.244 26.206 26.164 26.108 26.066 25.975 25.971 25.903 25.868 25.815 25.782 25.707 25.706 25.657 25.641 25.559 25.551 25.539 25.54 25.501 25.485 25.445 25.453 25.375 25.385 25.342 25.324 25.267 25.28 25.246 25.275 25.264 25.278 25.262 25.283 25.275 25.298 25.277 25.286 25.263 25.293 25.28 25.297 25.306 25.317 25.308 25.265 25.246 25.251 25.246 25.272 25.259 25.29 25.327 25.351 25.282 25.313 24.878 24.825 24.329 23.828 24.024 24.344 24.151 24.022 23.994 24.12 24.35
26.275 26.258 26.254 26.226 26.211 26.164 26.117 26.076 26.039 25.974 25.944 25.87 25.838 25.791 25.749 25.688 25.663 25.644 25.622 25.567 25.536 25.508 25.514 25.492 25.478 25.453 25.417 25.388 25.352 25.335 25.305 25.283 25.289 25.292 25.337 25.304 25.314 25.306 25.326 25.305 25.313 25.304 25.305 25.295 25.3 25.31 25.305 25.308 25.298 25.292 25.258 25.263 25.267 25.25 25.214 25.135 24.961 24.82 24.34 24.102 24.334 23.911 24.288 24.205 24.529 24.61 24.526 24.746 24.818 24.999 25.035 25.424
26.25 26.229 26.228 26.205 26.17 26.151 26.106 26.035 26.002 25.949 25.91 25.842 25.816 25.739 25.708 25.675 25.645 25.618 25.589 25.568 25.519 25.501 25.493 25.489 25.456 25.433 25.4 25.372 25.328 25.342 25.311 25.318 25.331 25.363 25.333 25.323 25.306 25.32 25.333 25.324 25.322 25.302 25.304 25.305 25.296 25.306 25.274 25.289 25.314 25.313 25.299 25.287 25.215 25.032 24.773 24.252 24.173 24.094 24.066 24.563 24.798 24.92 25.222 25.438 25.625 25.476 25.604 25.604 25.622 25.575 25.551 25.502
26.233 26.227 26.2 26.17 26.138 26.126 26.069 26.014 25.963 25.882 25.862 25.829 25.773 25.732 25.675 25.659 25.631 25.602 25.593 25.565 25.51 25.472 25.477 25.459 25.413 25.415 25.374 25.374 25.34 25.371 25.34 25.347 25.337 25.351 25.33 25.33 25.329 25.339 25.341 25.327 25.325 25.306 25.297 25.287 25.311 25.342 25.331 25.324 25.316 25.312 25.254 24.846 24.682 24.401 23.961 24.354 24.882 25.14 25.321 25.541 25.564 25.685 25.667 25.651 25.661 25.613 25.619 25.589 25.555 25.515 25.491 25.453
26.182 26.182 26.15 26.128 26.086 26.081 26.024 25.99 25.92 25.871 25.806 25.798 25.722 25.681 25.658 25.627 25.616 25.591 25.567 25.538 25.509 25.469 25.449 25.43 25.405 25.391 25.39 25.371 25.372 25.358 25.354 25.329 25.339 25.351 25.347 25.358 25.345 25.346 25.335 25.312 25.329 25.317 25.322 25.349 25.345 25.314 25.359 25.268 25.07 24.788 24.345 24.044 23.835 24.58 25.063 25.481 25.647 25.669 25.659 25.619 25.599 25.619 25.601 25.568 25.555 25.538 25.571 25.583 25.565 25.521 25.505 25.479
26.148 26.152 26.12 26.106 26.062 26.031 25.999 25.942 25.879 25.828 25.789 25.74 25.691 25.622 25.615 25.575 25.593 25.539 25.536 25.496 25.487 25.441 25.428 25.403 25.418 25.412 25.403 25.394 25.372 25.355 25.347 25.335 25.34 25.332 25.338 25.32 25.303 25.315 25.345 25.352 25.369 25.347 25.322 25.293 25.208 25.122 24.761 24.3 23.911 23.985 24.215 24.779 25.156 25.497 25.765 25.73 25.684 25.661 25.61 25.585 25.583 25.588 25.598 25.599 25.589 25.582 25.605 25.596 25.577 25.541 25.51 25.505
26.114 26.104 26.085 26.047 26.009 25.98 25.935 25.882 25.854 25.767 25.765 25.694 25.666 25.616 25.608 25.567 25.553 25.503 25.48 25.455 25.464 25.429 25.436 25.4 25.414 25.386 25.397 25.353 25.357 25.317 25.337 25.337 25.331 25.34 25.336 25.285 25.319 25.32 25.347 25.342 25.256 25.288 25.182 24.474 24.326 24.206 23.761 24.166 24.606 25.103 25.293 25.74 25.765 25.794 25.746 25.716 25.684 25.634 25.623 25.627 25.605 25.623 25.631 25.636 25.617 25.596 25.599 25.591 25.555 25.544 25.533 25.526
26.052 26.039 26.047 25.996 25.97 25.928 25.892 25.817 25.808 25.7 25.683 25.662 25.645 25.59 25.564 25.515 25.454 25.46 25.451 25.449 25.439 25.417 25.405 25.386 25.371 25.373 25.361 25.328 25.305 25.271 25.292 25.322 25.37 25.36 25.379 25.393 25.381 25.447 25.47 25.059 24.524 24.575 23.974 23.902 24.286 24.284 25.219 25.728 25.981 25.969 25.978 25.877 25.817 25.797 25.746 25.73 25.707 25.673 25.672 25.662 25.64 25.628 25.628 25.622 25.62 25.618 25.603 25.588 25.562 25.541 25.545 25.53
26.031 25.996 25.986 25.936 25.92 25.877 25.829 25.776 25.741 25.694 25.651 25.617 25.607 25.544 25.502 25.489 25.431 25.458 25.428 25.417 25.386 25.38 25.353 25.37 25.324 25.352 25.315 25.295 25.271 25.306 25.312 25.318 25.341 25.331 25.272 25.326 25.584 25.597 25.518 24.987 24.077 23.913 24.181 25.393 25.701 25.776 26.028 26.105 26.067 26.001 25.942 25.884 25.861 25.84 25.793 25.758 25.725 25.697 25.692 25.692 25.667 25.654 25.64 25.624 25.625 25.635 25.629 25.6 25.565 25.533 25.516 25.516
25.966 25.94 25.917 25.884 25.844 25.824 25.778 25.741 25.708 25.638 25.599 25.569 25.536 25.526 25.468 25.491 25.428 25.436 25.424 25.421 25.387 25.371 25.331 25.329 25.283 25.323 25.327 25.327 25.305 25.284 25.312 25.258 25.099 24.787 24.727 24.768 25.519 25.653 25.636 25.576 24.854 23.973 24.775 25.772 25.922 26.026 26.102 26.104 26.027 25.98 25.976 25.965 25.91 25.871 25.826 25.796 25.768 25.743 25.74 25.708 25.702 25.677 25.646 25.631 25.616 25.616 25.608 25.583 25.581 25.554 25.566 25.575
25.919 25.909 25.852 25.828 25.784 25.771 25.717 25.707 25.632 25.605 25.527 25.537 25.526 25.511 25.475 25.452 25.428 25.411 25.403 25.384 25.343 25.302 25.296 25.291 25.315 25.322 25.318 25.285 25.093 24.847 24.841 24.447 24.468 24.593 24.928 25.322 25.474 25.562 25.575 25.636 25.175 24.288 24.738 25.721 25.986 26.047 26.064 26.099 26.046 26.016 26.008 25.976 25.931 25.909 25.871 25.842 25.804 25.783 25.749 25.728 25.707 25.69 25.646 25.619 25.607 25.596 25.591 25.588 25.602 25.61 25.606 25.604
25.861 25.85 25.77 25.761 25.722 25.725 25.653 25.639 25.555 25.545 25.544 25.518 25.52 25.478 25.455 25.437 25.434 25.386 25.369 25.309 25.295 25.266 25.298 25.331 25.268 25.257 25.109 24.678 24.465 24.547 24.535 24.837 25.135 25.215 25.398 25.405 25.457 25.512 25.524 25.599 25.517 24.08 24.173 25.601 25.993 26.083 26.101 26.117 26.033 25.998 26 25.964 25.935 25.915 25.884 25.855 25.825 25.8 25.77 25.751 25.719 25.704 25.654 25.636 25.606 25.603 25.602 25.612 25.628 25.64 25.637 25.652
25.81 25.778 25.727 25.722 25.667 25.654 25.597 25.574 25.554 25.537 25.536 25.479 25.482 25.454 25.44 25.414 25.387 25.336 25.336 25.346 25.344 25.314 25.239 25.18 24.81 24.634 24.489 24.591 24.832 25 25.194 25.206 25.276 25.379 25.398 25.454 25.518 25.55 25.56 25.561 25.611 24.661 23.88 25.359 26.043 26.109 26.106 26.103 26.043 25.982 25.974 25.973 25.963 25.933 25.895 25.882 25.849 25.814 25.778 25.751 25.728 25.698 25.67 25.654 25.638 25.638 25.64 25.642 25.643 25.654 25.646 25.65
25.754 25.696 25.689 25.643 25.641 25.586 25.584 25.554 25.545 25.498 25.511 25.445 25.457 25.44 25.425 25.364 25.327 25.328 25.343 25.338 25.283 24.852 24.544 24.607 24.38 24.69 24.984 25.224 25.306 25.189 25.142 25.211 25.283 25.337 25.387 25.449 25.553 25.576 25.581 25.58 25.631 24.814 23.868 25.094 26.045 26.126 26.091 26.082 26.036 25.98 25.984 25.99 25.977 25.953 25.914 25.888 25.854 25.829 25.797 25.736 25.736 25.73 25.696 25.67 25.643 25.67 25.675 25.664 25.667 25.689 25.685 25.679
25.688 25.62 25.612 25.584 25.6 25.566 25.555 25.524 25.498 25.464 25.449 25.443 25.418 25.4 25.358 25.372 25.357 25.354 25.218 24.991 24.502 24.458 24.63 24.785 25.104 25.195 25.144 25.146 25.112 25.175 25.194 25.241 25.281 25.293 25.371 25.428 25.527 25.579 25.59 25.591 25.61 25.109 23.831 24.63 25.868 26.115 26.112 26.088 26.024 25.985 25.994 25.987 25.96 25.94 25.905 25.881 25.854 25.84 25.829 25.789 25.755 25.763 25.742 25.717 25.697 25.702 25.724 25.71 25.724 25.733 25.722 25.707
25.624 25.577 25.591 25.566 25.54 25.505 25.494 25.49 25.461 25.451 25.422 25.406 25.372 25.385 25.382 25.37 25.302 24.951 24.445 24.381 24.751 25.021 25.292 25.269 25.254 25.18 25.159 25.18 25.169 25.184 25.202 25.232 25.258 25.284 25.357 25.397 25.482 25.549 25.578 25.586 25.641 25.463 23.929 24.003 25.809 26.088 26.096 26.045 26.007 25.952 25.946 25.952 25.936 25.934 25.919 25.897 25.871 25.852 25.823 25.817 25.781 25.775 25.763 25.755 25.753 25.752 25.765 25.791 25.778 25.78 25.755 25.733
25.558 25.545 25.519 25.517 25.483 25.474 25.46 25.466 25.415 25.403 25.4 25.413 25.36 25.38 25.293 25.159 24.507 24.433 24.941 25.054 25.262 25.362 25.311 25.233 25.235 25.24 25.201 25.182 25.167 25.173 25.183 25.195 25.228 25.276 25.331 25.387 25.458 25.524 25.562 25.588 25.64 25.63 24.337 23.819 25.57 26.081 26.091 26.037 26.032 25.978 25.926 25.957 25.941 25.924 25.903 25.892 25.885 25.868 25.853 25.843 25.824 25.797 25.795 25.806 25.819 25.821 25.826 25.839 25.838 25.839 25.814 25.771
25.504 25.494 25.445 25.446 25.44 25.436 25.386 25.398 25.373 25.385 25.395 25.376 25.282 25.05 24.555 24.287 24.791 25.22 25.938 25.314 25.344 25.259 25.284 25.274 25.236 25.205 25.168 25.143 25.149 25.167 25.187 25.199 25.215 25.247 25.309 25.35 25.409 25.497 25.515 25.564 25.593 25.638 24.746 23.844 25.087 26.088 26.084 26.042 26.028 26.011 25.972 25.976 25.966 25.936 25.918 25.903 25.902 25.893 25.882 25.873 25.872 25.85 25.844 25.863 25.878 25.886 25.873 25.885 25.88 25.879 25.856 25.81
25.43 25.425 25.394 25.399 25.376 25.362 25.356 25.344 25.382 25.37 25.394 25.282 24.642 24.4 24.638 25.134 25.397 25.45 25.388 25.305 25.333 25.317 25.307 25.263 25.211 25.18 25.162 25.161 25.152 25.176 25.182 25.189 25.205 25.235 25.266 25.309 25.382 25.441 25.494 25.551 25.572 25.703 25.162 23.79 24.584 26.065 26.11 26.066 26.039 26.022 26.021 26.013 26.004 25.959 25.951 25.928 25.925 25.913 25.917 25.919 25.925 25.919 25.912 25.922 25.904 25.916 25.913 25.922 25.92 25.914 25.895 25.845
25.383 25.36 25.353 25.324 25.308 25.305 25.341 25.367 25.394 25.346 24.738 24.399 24.503 24.72 25.378 25.464 25.394 25.388 25.337 25.355 25.345 25.289 25.256 25.225 25.184 25.179 25.167 25.172 25.177 25.168 25.183 25.148 25.153 25.191 25.247 25.305 25.354 25.416 25.486 25.53 25.573 25.627 25.336 24.082 24.467 25.819 26.121 26.094 26.073 26.051 26.047 26.035 26.016 25.993 25.986 25.961 25.962 25.955 25.956 25.972 25.971 25.984 25.97 25.985 25.949 25.957 25.946 25.964 25.938 25.935 25.931 25.881
25.313 25.27 25.268 25.231 25.251 25.288 25.344 25.307 25.042 24.379 24.316 24.896 25.242 25.327 25.339 25.337 25.359 25.345 25.32 25.318 25.276 25.231 25.225 25.193 25.187 25.193 25.171 25.17 25.182 25.117 25.107 25.072 25.081 25.138 25.222 25.244 25.342 25.39 25.468 25.521 25.553 25.573 25.427 24.473 24.01 25.614 26.133 26.113 26.097 26.087 26.079 26.057 26.051 26.011 26.009 25.984 25.993 25.995 25.978 26.012 26.015 26.021 26.039 26.025 26.006 25.986 25.974 25.98 25.983 25.953 25.949 25.898
25.259 25.176 25.201 25.246 25.276 25.261 25.07 24.622 24.311 24.782 25.09 25.362 25.327 25.308 25.304 25.327 25.343 25.289 25.283 25.247 25.237 25.183 25.181 25.157 25.171 25.157 25.151 25.123 25.105 25.078 25.037 25.031 25.063 25.138 25.205 25.247 25.316 25.352 25.445 25.484 25.512 25.56 25.631 25.027 23.911 25.099 26.106 26.127 26.125 26.114 26.092 26.07 26.063 26.027 26.006 26.005 26.021 26.028 26.021 26.052 26.055 26.044 26.068 26.06 26.05 26.027 25.994 25.968 25.989 25.963 25.955 25.921
25.188 25.152 25.211 25.247 25.068 24.771 24.439 24.536 24.994 25.224 25.332 25.283 25.306 25.353 25.322 25.286 25.265 25.221 25.22 25.199 25.168 25.14 25.14 25.122 25.146 25.103 25.081 25.078 25.055 25.042 25.005 25.004 25.038 25.094 25.192 25.231 25.283 25.345 25.419 25.447 25.478 25.542 25.691 25.195 24.064 24.591 25.915 26.123 26.102 26.1 26.114 26.066 26.071 26.026 25.996 26.009 26.033 26.058 26.057 26.08 26.104 26.105 26.113 26.103 26.088 26.048 26.014 25.991 25.996 25.98 25.959 25.941
25.198 25.197 25.124 24.869 24.477 24.524 24.892 25.252 25.276 25.231 25.262 25.308 25.317 25.304 25.269 25.214 25.179 25.151 25.172 25.155 25.126 25.097 25.089 25.079 25.041 25.03 25.029 25.023 25.007 25.006 24.998 25.024 25.014 25.084 25.149 25.219 25.252 25.329 25.385 25.424 25.465 25.521 25.591 25.121 24.15 24.452 25.77 26.115 26.105 26.11 26.115 26.079 26.068 26.03 26.007 26.016 26.036 26.087 26.098 26.116 26.132 26.137 26.142 26.131 26.103 26.078 26.047 26.006 26 25.998 25.987 25.961
25.114 24.897 24.443 24.405 24.772 25.095 25.256 25.226 25.232 25.229 25.239 25.284 25.262 25.251 25.254 25.161 25.112 25.136 25.122 25.119 25.102 25.071 25.051 25.031 25.017 25.008 25.01 24.996 24.985 24.977 25.003 25.039 25.045 25.084 25.133 25.199 25.252 25.306 25.366 25.387 25.405 25.469 25.526 25.418 24.408 24.325 25.472 26.17 26.102 26.102 26.097 26.068 26.053 26.052 26.055 26.054 26.068 26.104 26.113 26.145 26.159 26.161 26.168 26.164 26.122 26.098 26.072 26.029 26.02 25.998 25.996 25.98
24.36 24.468 24.701 25.045 25.209 25.169 25.147 25.182 25.262 25.233 25.206 25.199 25.202 25.184 25.147 25.096 25.047 25.06 25.062 25.074 25.062 25.046 25.02 24.984 25.009 24.983 24.991 24.979 24.961 25.001 25.022 25.041 25.056 25.077 25.127 25.198 25.265 25.292 25.357 25.399 25.385 25.42 25.404 25.489 24.659 24.172 25.074 26.008 26.123 26.096 26.084 26.068 26.028 26.055 26.076 26.09 26.099 26.134 26.144 26.165 26.193 26.171 26.177 26.161 26.13 26.114 26.089 26.056 26.037 26.021 26.004 25.98
24.603 24.922 25.115 25.183 25.119 25.146 25.193 25.18 25.171 25.156 25.138 25.135 25.129 25.118 25.073 25.033 24.99 25.009 25.025 25.016 24.998 24.995 24.995 24.964 24.946 24.919 24.954 24.966 24.957 24.989 25.018 25.031 25.074 25.082 25.131 25.163 25.233 25.27 25.327 25.353 25.361 25.392 25.379 25.342 24.99 24.277 25.013 25.906 26.141 26.098 26.074 26.054 26.026 26.056 26.089 26.121 26.131 26.161 26.176 26.181 26.211 26.178 26.182 26.178 26.166 26.145 26.101 26.062 26.039 26.015 25.999 25.982
25.066 25.118 25.113 25.132 25.188 25.182 25.159 25.129 25.13 25.089 25.103 25.143 25.151 25.033 25.01 24.998 24.962 24.959 24.991 24.969 24.949 24.949 24.957 24.902 24.913 24.911 24.942 24.962 24.955 24.965 25.022 25.058 25.092 25.08 25.127 25.173 25.205 25.243 25.297 25.352 25.357 25.391 25.386 25.372 25.201 24.223 24.856 25.883 26.135 26.118 26.084 26.079 26.074 26.075 26.097 26.115 26.146 26.18 26.194 26.18 26.205 26.183 26.182 26.183 26.177 26.162 26.109 26.048 26.03 26.009 25.992 25.974
25.077 25.126 25.156 25.173 25.149 25.153 25.136 25.11 25.116 25.065 25.052 25.061 25.033 24.958 24.961 24.864 24.892 24.911 24.929 24.925 24.92 24.913 24.888 24.871 24.901 24.894 24.928 24.952 24.978 24.985 25.017 25.061 25.098 25.104 25.143 25.177 25.204 25.229 25.276 25.317 25.341 25.357 25.371 25.418 25.217 24.186 24.619 25.87 26.133 26.14 26.096 26.079 26.079 26.086 26.094 26.129 26.139 26.171 26.196 26.181 26.195 26.182 26.161 26.17 26.162 26.148 26.106 26.031 26.013 25.988 25.96 25.943
25.103 25.173 25.141 25.125 25.117 25.11 25.109 25.077 25.064 25.015 24.997 24.962 24.921 24.905 24.94 24.872 24.894 24.912 24.896 24.877 24.883 24.88 24.875 24.889 24.9 24.917 24.919 24.933 24.969 24.989 25.008 25.052 25.085 25.099 25.123 25.162 25.186 25.206 25.241 25.291 25.336 25.326 25.354 25.436 25.409 24.488 24.42 25.533 26.07 26.124 26.1 26.093 26.088 26.096 26.115 26.136 26.138 26.152 26.193 26.178 26.183 26.171 26.135 26.15 26.158 26.139 26.11 26.036 26.003 25.977 25.941 25.923
