StarCarr/ta02801_DSM_2M.asc
ncols 500
nrows 1000
xllcorner    502000
yllcorner    480000
cellsize     2
NODATA_value -9999
[rows 736 to 767 of 1000, columns 360 to 431 of 500]
25.076 25.075 25.05 25.025 24.997 24.972 24.944 24.928 24.884 24.856 24.827 24.803 24.778 24.768 24.747 24.751 24.741 24.739 24.742 24.74 24.734 24.736 24.732 24.721 24.706 24.711 24.707 24.713 24.684 24.684 24.687 24.674 24.681 24.66 24.646 24.618 24.616 24.628 24.629 24.625 24.631 24.624 24.613 24.625 24.659 24.667 24.679 24.688 24.691 24.714 24.731 24.717 24.718 24.724 24.725 24.75 24.767 24.779 24.812 24.866 24.851 24.848 24.817 24.762 25.884 25.39 24.751 24.955 25.186 25.228 25.207 25.215
25.097 25.074 25.059 25.018 25.012 24.973 24.937 24.916 24.892 24.85 24.83 24.798 24.776 24.75 24.753 24.736 24.73 24.727 24.734 24.73 24.722 24.719 24.723 24.727 24.719 24.719 24.713 24.707 24.691 24.677 24.676 24.661 24.676 24.655 24.654 24.653 24.641 24.646 24.625 24.617 24.635 24.631 24.636 24.66 24.648 24.666 24.692 24.698 24.703 24.72 24.744 24.733 24.732 24.732 24.743 24.743 24.761 24.764 24.762 24.811 24.828 24.815 24.775 24.761 25.253 25.328 24.441 24.879 25.15 25.19 25.214 25.208
25.103 25.106 25.064 25.033 25.009 24.975 24.932 24.904 24.877 24.844 24.821 24.798 24.808 24.779 24.783 24.747 24.721 24.738 24.735 24.725 24.723 24.712 24.724 24.733 24.722 24.694 24.695 24.683 24.678 24.661 24.675 24.678 24.675 24.673 24.671 24.644 24.647 24.654 24.665 24.648 24.656 24.651 24.653 24.667 24.668 24.664 24.685 24.702 24.727 24.749 24.756 24.758 24.747 24.745 24.724 24.731 24.743 24.757 24.762 24.792 24.802 24.797 24.765 24.731 24.942 25.311 24.643 24.465 25.08 25.194 25.213 25.202
25.083 25.06 25.035 25.005 24.997 24.961 24.91 24.884 24.861 24.845 24.838 24.814 24.81 24.798 24.789 24.788 24.754 24.754 24.74 24.718 24.697 24.705 24.702 24.718 24.7 24.701 24.699 24.674 24.669 24.661 24.668 24.671 24.705 24.696 24.674 24.661 24.668 24.677 24.663 24.658 24.651 24.665 24.673 24.673 24.689 24.684 24.705 24.707 24.726 24.74 24.774 24.752 24.738 24.735 24.714 24.7 24.716 24.733 24.754 24.781 24.803 24.781 24.748 24.724 24.874 25.321 24.955 24.392 24.951 25.172 25.196 25.212
25.048 25.038 25.017 24.995 24.976 24.93 24.893 24.857 24.857 24.854 24.851 24.851 24.84 24.824 24.812 24.793 24.752 24.746 24.72 24.692 24.68 24.681 24.714 24.723 24.701 24.713 24.714 24.707 24.702 24.699 24.703 24.704 24.712 24.697 24.692 24.68 24.697 24.686 24.694 24.684 24.666 24.678 24.672 24.682 24.698 24.709 24.714 24.688 24.694 24.706 24.724 24.711 24.726 24.718 24.706 24.703 24.703 24.722 24.753 24.779 24.804 24.782 24.755 24.723 24.739 25.102 25.002 24.082 24.964 25.16 25.186 25.204
25.03 25.004 24.988 24.96 24.94 24.933 24.911 24.891 24.891 24.87 24.882 24.893 24.871 24.846 24.823 24.768 24.738 24.706 24.698 24.691 24.687 24.685 24.719 24.721 24.708 24.709 24.725 24.745 24.714 24.74 24.738 24.744 24.729 24.728 24.706 24.724 24.73 24.706 24.701 24.706 24.674 24.7 24.676 24.676 24.699 24.686 24.691 24.676 24.689 24.73 24.731 24.722 24.73 24.708 24.7 24.718 24.762 24.725 24.749 24.758 24.794 24.796 24.778 24.728 24.726 24.943 25.033 24.145 24.732 25.103 25.187 25.188
25.024 25.011 24.998 24.98 24.983 24.961 24.921 24.904 24.88 24.887 24.894 24.89 24.856 24.831 24.777 24.744 24.728 24.712 24.712 24.706 24.693 24.692 24.676 24.699 24.704 24.737 24.747 24.755 24.747 24.76 24.755 24.777 24.774 24.765 24.742 24.753 24.763 24.749 24.722 24.725 24.681 24.665 24.662 24.646 24.667 24.673 24.688 24.7 24.712 24.726 24.736 24.753 24.733 24.716 24.709 24.699 24.711 24.724 24.731 24.748 24.778 24.795 24.766 24.728 24.727 24.882 25.059 24.413 24.381 24.996 25.168 25.161
25.046 25.042 25.028 25.016 24.973 24.957 24.908 24.879 24.863 24.867 24.876 24.882 24.873 24.836 24.801 24.761 24.74 24.732 24.719 24.711 24.675 24.676 24.691 24.717 24.731 24.746 24.778 24.785 24.778 24.784 24.786 24.786 24.798 24.766 24.751 24.741 24.745 24.731 24.723 24.71 24.689 24.656 24.656 24.656 24.661 24.676 24.676 24.708 24.726 24.729 24.741 24.723 24.701 24.691 24.672 24.67 24.713 24.722 24.716 24.738 24.764 24.774 24.77 24.731 24.73 24.818 25.067 24.699 24.229 24.877 25.176 25.152
25.042 25.066 25.026 25.006 24.962 24.93 24.908 24.888 24.859 24.838 24.872 24.878 24.866 24.847 24.804 24.773 24.763 24.756 24.737 24.728 24.709 24.71 24.726 24.743 24.753 24.765 24.779 24.785 24.797 24.782 24.772 24.758 24.737 24.754 24.76 24.751 24.747 24.736 24.706 24.699 24.693 24.665 24.661 24.672 24.675 24.696 24.687 24.715 24.727 24.715 24.725 24.706 24.695 24.686 24.696 24.679 24.712 24.708 24.731 24.73 24.755 24.766 24.764 24.738 24.721 24.702 25.003 24.884 24.044 24.757 25.177 25.152
25.018 25.013 24.989 24.981 24.943 24.908 24.909 24.895 24.874 24.864 24.882 24.877 24.872 24.856 24.823 24.816 24.771 24.772 24.757 24.742 24.735 24.74 24.722 24.743 24.765 24.773 24.769 24.771 24.783 24.781 24.777 24.743 24.759 24.786 24.765 24.766 24.764 24.725 24.699 24.683 24.7 24.665 24.665 24.669 24.654 24.669 24.693 24.692 24.715 24.711 24.717 24.712 24.688 24.698 24.694 24.685 24.689 24.688 24.699 24.714 24.762 24.736 24.73 24.718 24.698 24.706 24.944 25.121 23.975 24.541 25.178 25.167
25.001 25.002 24.999 24.985 24.972 24.94 24.919 24.919 24.897 24.875 24.866 24.878 24.865 24.853 24.815 24.824 24.801 24.788 24.759 24.748 24.742 24.723 24.726 24.733 24.735 24.74 24.743 24.729 24.742 24.748 24.755 24.76 24.773 24.785 24.795 24.782 24.76 24.74 24.728 24.682 24.68 24.657 24.617 24.642 24.636 24.658 24.672 24.682 24.701 24.703 24.687 24.699 24.707 24.686 24.672 24.648 24.676 24.667 24.673 24.707 24.726 24.732 24.732 24.686 24.669 24.659 24.834 25.086 24.528 24.426 24.979 25.213
25.054 25.007 24.997 24.971 24.962 24.923 24.921 24.926 24.903 24.872 24.862 24.863 24.853 24.867 24.832 24.841 24.81 24.776 24.772 24.745 24.728 24.714 24.704 24.703 24.708 24.714 24.745 24.715 24.733 24.745 24.75 24.766 24.774 24.778 24.78 24.768 24.751 24.727 24.701 24.674 24.657 24.653 24.641 24.619 24.618 24.639 24.655 24.683 24.692 24.695 24.697 24.701 24.685 24.671 24.662 24.639 24.646 24.671 24.664 24.691 24.717 24.728 24.734 24.676 24.667 24.636 24.759 25.122 25.043 24.246 24.886 25.223
25.062 25.011 24.989 24.972 24.974 24.946 24.931 24.936 24.926 24.91 24.886 24.891 24.871 24.863 24.812 24.812 24.784 24.74 24.727 24.692 24.699 24.691 24.703 24.707 24.701 24.701 24.718 24.74 24.755 24.76 24.745 24.774 24.76 24.785 24.773 24.765 24.73 24.741 24.693 24.679 24.65 24.647 24.638 24.623 24.624 24.64 24.665 24.69 24.682 24.684 24.673 24.657 24.674 24.67 24.645 24.652 24.658 24.681 24.649 24.669 24.69 24.703 24.714 24.68 24.656 24.653 24.678 24.975 24.839 24.25 24.801 25.245
25.056 25.038 25.018 25.017 24.977 24.974 24.96 24.952 24.941 24.91 24.897 24.88 24.839 24.8 24.773 24.749 24.738 24.711 24.712 24.706 24.702 24.691 24.708 24.704 24.697 24.713 24.728 24.732 24.737 24.76 24.735 24.762 24.761 24.776 24.75 24.75 24.716 24.721 24.674 24.672 24.636 24.64 24.63 24.623 24.639 24.648 24.676 24.687 24.683 24.696 24.693 24.675 24.673 24.689 24.663 24.68 24.681 24.684 24.678 24.697 24.726 24.726 24.736 24.685 24.649 24.647 24.644 24.901 25.098 25.259 24.622 25.198
25.068 25.043 25.006 24.994 24.979 24.939 24.939 24.934 24.931 24.877 24.862 24.84 24.813 24.768 24.755 24.743 24.73 24.707 24.697 24.72 24.705 24.693 24.693 24.688 24.702 24.722 24.736 24.734 24.74 24.756 24.766 24.786 24.776 24.797 24.742 24.721 24.709 24.687 24.647 24.643 24.621 24.605 24.622 24.609 24.624 24.616 24.652 24.671 24.677 24.688 24.702 24.691 24.677 24.701 24.686 24.68 24.692 24.707 24.724 24.729 24.757 24.757 24.768 24.734 24.671 24.643 24.625 25.233 26.582 25.416 24.682 25.154
25.067 25.039 25 24.996 24.934 24.901 24.913 24.909 24.896 24.877 24.846 24.83 24.822 24.771 24.763 24.737 24.72 24.702 24.7 24.716 24.691 24.707 24.708 24.717 24.711 24.727 24.728 24.737 24.746 24.743 24.739 24.741 24.747 24.753 24.728 24.698 24.688 24.66 24.637 24.605 24.599 24.59 24.61 24.599 24.619 24.618 24.656 24.674 24.678 24.696 24.7 24.706 24.713 24.725 24.713 24.708 24.735 24.744 24.756 24.768 24.777 24.77 24.771 24.774 24.686 24.667 24.612 25.224 26.478 26.229 24.084 25.025
24.989 24.94 24.937 24.919 24.908 24.903 24.897 24.897 24.898 24.856 24.833 24.806 24.806 24.779 24.766 24.744 24.728 24.717 24.709 24.705 24.688 24.701 24.708 24.723 24.71 24.705 24.723 24.712 24.74 24.707 24.716 24.713 24.721 24.714 24.695 24.669 24.671 24.652 24.64 24.567 24.577 24.571 24.589 24.605 24.609 24.619 24.652 24.667 24.701 24.719 24.739 24.749 24.744 24.751 24.758 24.735 24.738 24.739 24.751 24.759 24.778 24.787 24.793 24.785 24.725 24.697 24.639 24.709 25.675 25.318 24.386 24.66
24.944 24.93 24.945 24.912 24.902 24.902 24.878 24.863 24.867 24.839 24.821 24.81 24.791 24.774 24.754 24.741 24.711 24.715 24.715 24.702 24.701 24.697 24.713 24.707 24.699 24.719 24.71 24.706 24.721 24.701 24.713 24.701 24.702 24.681 24.684 24.653 24.645 24.635 24.619 24.58 24.599 24.59 24.606 24.618 24.628 24.631 24.666 24.705 24.707 24.712 24.756 24.762 24.754 24.749 24.769 24.743 24.744 24.745 24.765 24.78 24.801 24.818 24.82 24.814 24.787 24.731 24.696 24.69 24.954 25.131 24.55 24.146
24.952 24.943 24.905 24.891 24.889 24.86 24.855 24.853 24.85 24.842 24.83 24.834 24.791 24.774 24.743 24.74 24.715 24.708 24.698 24.693 24.707 24.673 24.688 24.696 24.701 24.693 24.698 24.695 24.685 24.673 24.685 24.696 24.67 24.671 24.675 24.638 24.631 24.628 24.622 24.617 24.627 24.635 24.634 24.639 24.641 24.662 24.692 24.72 24.717 24.738 24.748 24.761 24.768 24.783 24.792 24.774 24.772 24.773 24.79 24.811 24.819 24.835 24.857 24.866 24.82 24.754 24.702 24.679 24.903 25.165 24.542 24.004
24.942 24.921 24.903 24.869 24.858 24.858 24.846 24.853 24.852 24.849 24.834 24.818 24.803 24.782 24.762 24.748 24.73 24.729 24.698 24.688 24.68 24.678 24.685 24.69 24.694 24.685 24.698 24.682 24.698 24.671 24.673 24.666 24.652 24.663 24.674 24.652 24.629 24.631 24.641 24.643 24.645 24.646 24.654 24.673 24.68 24.685 24.686 24.694 24.705 24.723 24.745 24.78 24.808 24.81 24.827 24.844 24.809 24.799 24.809 24.818 24.847 24.872 24.903 24.924 24.886 24.831 24.743 24.688 24.813 25.399 25.209 24.068
24.936 24.893 24.896 24.873 24.867 24.867 24.858 24.86 24.848 24.845 24.843 24.828 24.806 24.811 24.784 24.771 24.758 24.738 24.717 24.699 24.692 24.679 24.658 24.664 24.669 24.655 24.648 24.66 24.66 24.646 24.657 24.643 24.657 24.654 24.653 24.656 24.647 24.652 24.657 24.662 24.665 24.662 24.667 24.682 24.68 24.668 24.659 24.685 24.715 24.743 24.771 24.822 24.858 24.872 24.867 24.858 24.847 24.831 24.833 24.841 24.893 24.93 24.956 24.969 24.953 24.879 24.791 24.73 24.716 24.882 25.144 24.328
24.902 24.872 24.865 24.845 24.846 24.851 24.84 24.839 24.831 24.839 24.847 24.85 24.828 24.827 24.822 24.781 24.752 24.727 24.716 24.68 24.679 24.66 24.643 24.643 24.637 24.634 24.636 24.649 24.652 24.652 24.648 24.659 24.666 24.663 24.661 24.675 24.666 24.672 24.674 24.676 24.668 24.656 24.66 24.669 24.652 24.653 24.666 24.712 24.735 24.785 24.836 24.873 24.898 24.919 24.913 24.906 24.897 24.881 24.872 24.899 24.961 24.972 25.003 25.007 24.98 24.928 24.832 24.759 24.737 24.882 25.063 24.778
24.882 24.859 24.86 24.847 24.848 24.837 24.813 24.812 24.836 24.846 24.83 24.828 24.821 24.827 24.805 24.773 24.751 24.723 24.713 24.685 24.685 24.689 24.666 24.663 24.645 24.636 24.655 24.658 24.67 24.679 24.664 24.661 24.682 24.668 24.676 24.669 24.66 24.675 24.675 24.648 24.649 24.648 24.673 24.657 24.659 24.678 24.703 24.752 24.789 24.838 24.887 24.922 24.958 24.96 24.966 24.942 24.938 24.934 24.936 24.963 25.004 25.034 25.039 25.056 25.032 24.974 24.871 24.792 24.761 24.998 25.462 25.726
24.893 24.867 24.851 24.835 24.808 24.821 24.813 24.806 24.824 24.839 24.822 24.823 24.819 24.811 24.798 24.783 24.756 24.724 24.714 24.701 24.702 24.684 24.673 24.656 24.665 24.658 24.682 24.678 24.702 24.69 24.675 24.68 24.678 24.675 24.665 24.651 24.644 24.654 24.658 24.649 24.674 24.668 24.676 24.671 24.678 24.691 24.728 24.777 24.863 24.908 24.968 24.987 24.994 25.02 25.02 24.988 24.994 24.988 24.997 25.02 25.05 25.078 25.101 25.108 25.076 25.016 24.937 24.854 24.805 25.17 26.962 25.446
24.876 24.845 24.834 24.82 24.806 24.783 24.799 24.793 24.789 24.785 24.794 24.811 24.827 24.815 24.811 24.798 24.762 24.749 24.728 24.721 24.727 24.702 24.707 24.707 24.702 24.676 24.684 24.68 24.682 24.677 24.676 24.671 24.665 24.674 24.656 24.653 24.665 24.673 24.662 24.664 24.66 24.668 24.673 24.673 24.7 24.746 24.788 24.847 24.908 24.969 25.013 25.024 25.018 25.031 25.027 25.03 25.038 25.043 25.039 25.062 25.072 25.116 25.151 25.147 25.131 25.072 25.002 24.919 24.87 24.915 26.049 27.495
24.856 24.851 24.82 24.831 24.82 24.794 24.785 24.768 24.775 24.78 24.794 24.797 24.826 24.837 24.829 24.822 24.8 24.782 24.764 24.759 24.743 24.735 24.726 24.719 24.708 24.69 24.679 24.669 24.677 24.661 24.67 24.663 24.66 24.665 24.662 24.665 24.664 24.66 24.661 24.667 24.673 24.684 24.691 24.718 24.741 24.794 24.836 24.905 24.968 25.004 25.039 25.064 25.049 25.058 25.058 25.073 25.083 25.09 25.096 25.105 25.136 25.175 25.197 25.202 25.177 25.129 25.075 24.996 24.939 24.934 25.194 25.928
24.829 24.831 24.804 24.816 24.806 24.804 24.802 24.787 24.813 24.829 24.82 24.827 24.829 24.829 24.841 24.829 24.807 24.784 24.774 24.759 24.75 24.733 24.707 24.696 24.684 24.659 24.661 24.646 24.649 24.658 24.675 24.676 24.672 24.669 24.671 24.674 24.683 24.682 24.693 24.695 24.709 24.696 24.704 24.725 24.764 24.825 24.878 24.944 24.991 25.029 25.051 25.091 25.086 25.094 25.1 25.106 25.128 25.13 25.137 25.153 25.18 25.211 25.248 25.249 25.242 25.224 25.172 25.115 25.047 25.012 25.14 25.45
24.828 24.82 24.81 24.816 24.814 24.823 24.824 24.809 24.811 24.819 24.831 24.839 24.837 24.836 24.83 24.814 24.797 24.786 24.763 24.744 24.72 24.695 24.686 24.681 24.673 24.669 24.676 24.67 24.67 24.683 24.684 24.674 24.698 24.7 24.692 24.683 24.694 24.695 24.721 24.693 24.689 24.708 24.717 24.746 24.79 24.841 24.918 24.972 25.005 25.031 25.046 25.091 25.113 25.119 25.127 25.131 25.148 25.158 25.172 25.21 25.254 25.283 25.306 25.333 25.344 25.337 25.29 25.246 25.181 25.159 25.177 25.509
24.831 24.813 24.804 24.82 24.832 24.828 24.813 24.833 24.813 24.823 24.826 24.828 24.825 24.82 24.808 24.789 24.784 24.776 24.754 24.737 24.721 24.691 24.697 24.688 24.674 24.676 24.691 24.678 24.683 24.688 24.709 24.69 24.715 24.716 24.694 24.71 24.725 24.707 24.715 24.68 24.681 24.698 24.728 24.775 24.829 24.861 24.915 24.957 25.001 25.054 25.064 25.105 25.145 25.164 25.172 25.184 25.192 25.229 25.262 25.311 25.347 25.37 25.424 25.438 25.452 25.467 25.404 25.394 25.34 25.323 25.29 25.543
24.82 24.802 24.816 24.813 24.841 24.833 24.823 24.814 24.788 24.792 24.778 24.791 24.777 24.785 24.779 24.771 24.775 24.787 24.771 24.757 24.736 24.704 24.701 24.68 24.689 24.682 24.691 24.678 24.68 24.695 24.703 24.691 24.705 24.709 24.702 24.719 24.701 24.691 24.688 24.681 24.718 24.726 24.762 24.802 24.857 24.88 24.924 24.972 25.016 25.048 25.078 25.122 25.164 25.227 25.262 25.28 25.292 25.311 25.375 25.427 25.465 25.505 25.543 25.565 25.555 25.581 25.542 25.532 25.474 25.445 25.428 25.584
24.821 24.821 24.84 24.816 24.81 24.797 24.793 24.783 24.774 24.754 24.756 24.753 24.748 24.759 24.774 24.789 24.801 24.798 24.811 24.781 24.749 24.726 24.698 24.681 24.694 24.69 24.697 24.684 24.699 24.705 24.736 24.729 24.734 24.721 24.709 24.687 24.687 24.69 24.705 24.712 24.736 24.762 24.809 24.833 24.884 24.913 24.947 24.976 25.017 25.072 25.112 25.175 25.245 25.3 25.349 25.369 25.403 25.45 25.511 25.549 25.568 25.628 25.676 25.696 25.704 25.711 25.682 25.662 25.568 25.578 25.568 25.654
24.82 24.81 24.806 24.794 24.786 24.767 24.763 24.76 24.754 24.747 24.748 24.753 24.755 24.779 24.792 24.811 24.837 24.809 24.804 24.782 24.768 24.765 24.747 24.71 24.703 24.705 24.705 24.696 24.708 24.708 24.705 24.709 24.703 24.7 24.717 24.706 24.704 24.698 24.716 24.737 24.762 24.806 24.854 24.902 24.916 24.948 24.976 25 25.048 25.112 25.175 25.258 25.358 25.423 25.45 25.496 25.545 25.617 25.654 25.711 25.762 25.806 25.84 25.837 25.867 25.834 25.791 25.78 25.725 25.686 25.679 25.727
